time,qw,qx,qy,qz
5,-0.62854,-0.37451,0.06903,0.67822
12,-0.62860,-0.37457,0.06909,0.67810
18,-0.62872,-0.37451,0.06909,0.67798
23,-0.62878,-0.37451,0.06915,0.67792
29,-0.62891,-0.37451,0.06915,0.67786
37,-0.62897,-0.37451,0.06903,0.67780
48,-0.62903,-0.37457,0.06897,0.67773
57,-0.62909,-0.37457,0.06879,0.67767
68,-0.62909,-0.37451,0.06860,0.67767
78,-0.62915,-0.37451,0.06848,0.67767
87,-0.62909,-0.37439,0.06836,0.67780
98,-0.62909,-0.37433,0.06824,0.67792
107,-0.62903,-0.37421,0.06818,0.67798
118,-0.62909,-0.37415,0.06805,0.67798
127,-0.62909,-0.37415,0.06787,0.67798
138,-0.62915,-0.37415,0.06769,0.67792
148,-0.62927,-0.37415,0.06744,0.67786
157,-0.62933,-0.37421,0.06720,0.67780
168,-0.62939,-0.37427,0.06696,0.67773
177,-0.62939,-0.37433,0.06677,0.67773
188,-0.62946,-0.37433,0.06659,0.67767
198,-0.62952,-0.37439,0.06641,0.67761
207,-0.62958,-0.37439,0.06628,0.67755
217,-0.62964,-0.37445,0.06610,0.67749
228,-0.62970,-0.37451,0.06592,0.67743
237,-0.62982,-0.37457,0.06580,0.67731
248,-0.62982,-0.37463,0.06567,0.67725
257,-0.62988,-0.37476,0.06561,0.67719
268,-0.62988,-0.37488,0.06561,0.67712
277,-0.62982,-0.37500,0.06561,0.67706
287,-0.62976,-0.37506,0.06561,0.67706
298,-0.62976,-0.37500,0.06561,0.67712
307,-0.62976,-0.37500,0.06567,0.67712
318,-0.62970,-0.37500,0.06573,0.67712
327,-0.62964,-0.37506,0.06592,0.67712
338,-0.62958,-0.37524,0.06610,0.67712
347,-0.62946,-0.37537,0.06635,0.67712
357,-0.62933,-0.37555,0.06653,0.67712
368,-0.62927,-0.37555,0.06677,0.67712
377,-0.62921,-0.37555,0.06696,0.67719
388,-0.62921,-0.37555,0.06708,0.67719
397,-0.62915,-0.37555,0.06726,0.67725
408,-0.62909,-0.37561,0.06744,0.67725
417,-0.62903,-0.37567,0.06763,0.67725
428,-0.62897,-0.37573,0.06781,0.67725
437,-0.62897,-0.37573,0.06799,0.67725
447,-0.62897,-0.37573,0.06805,0.67719
458,-0.62909,-0.37573,0.06799,0.67712
467,-0.62921,-0.37579,0.06781,0.67700
478,-0.62933,-0.37585,0.06744,0.67688
487,-0.62952,-0.37592,0.06696,0.67676
498,-0.62964,-0.37585,0.06647,0.67670
507,-0.62976,-0.37573,0.06604,0.67670
517,-0.62982,-0.37555,0.06567,0.67676
528,-0.62982,-0.37537,0.06543,0.67688
537,-0.62982,-0.37518,0.06531,0.67694
548,-0.62982,-0.37512,0.06531,0.67706
557,-0.62976,-0.37512,0.06543,0.67706
568,-0.62964,-0.37524,0.06561,0.67712
577,-0.62952,-0.37543,0.06580,0.67712
587,-0.62939,-0.37555,0.06598,0.67712
598,-0.62939,-0.37561,0.06610,0.67712
607,-0.62933,-0.37555,0.06622,0.67712
618,-0.62933,-0.37555,0.06635,0.67712
627,-0.62933,-0.37555,0.06641,0.67712
638,-0.62933,-0.37567,0.06647,0.67706
647,-0.62927,-0.37573,0.06653,0.67706
656,-0.62927,-0.37579,0.06659,0.67700
667,-0.62927,-0.37579,0.06659,0.67706
677,-0.62927,-0.37579,0.06659,0.67706
688,-0.62933,-0.37561,0.06659,0.67712
697,-0.62939,-0.37543,0.06653,0.67712
708,-0.62946,-0.37531,0.06641,0.67712
717,-0.62952,-0.37531,0.06641,0.67712
726,-0.62952,-0.37543,0.06635,0.67706
737,-0.62946,-0.37555,0.06641,0.67700
747,-0.62946,-0.37567,0.06647,0.67694
758,-0.62946,-0.37579,0.06653,0.67688
767,-0.62946,-0.37585,0.06659,0.67682
778,-0.62952,-0.37585,0.06659,0.67676
787,-0.62952,-0.37592,0.06665,0.67676
797,-0.62952,-0.37598,0.06671,0.67676
807,-0.62946,-0.37598,0.06677,0.67676
817,-0.62952,-0.37592,0.06677,0.67676
826,-0.62958,-0.37579,0.06677,0.67676
837,-0.62970,-0.37561,0.06671,0.67670
846,-0.62982,-0.37555,0.06665,0.67664
857,-0.62988,-0.37555,0.06659,0.67657
867,-0.62988,-0.37567,0.06653,0.67651
878,-0.62988,-0.37585,0.06653,0.67645
887,-0.62982,-0.37610,0.06659,0.67639
897,-0.62976,-0.37622,0.06665,0.67633
906,-0.62970,-0.37628,0.06671,0.67633
917,-0.62970,-0.37622,0.06671,0.67639
926,-0.62976,-0.37598,0.06671,0.67645
938,-0.62982,-0.37579,0.06659,0.67657
947,-0.62988,-0.37561,0.06653,0.67657
956,-0.62988,-0.37567,0.06653,0.67657
967,-0.62982,-0.37579,0.06653,0.67651
976,-0.62976,-0.37592,0.06659,0.67651
987,-0.62976,-0.37604,0.06665,0.67645
997,-0.62970,-0.37610,0.06671,0.67645
1006,-0.62970,-0.37604,0.06671,0.67645
1017,-0.62976,-0.37592,0.06671,0.67651
1026,-0.62982,-0.37573,0.06665,0.67657
1037,-0.62982,-0.37567,0.06659,0.67657
1047,-0.62982,-0.37567,0.06653,0.67657
1058,-0.62982,-0.37567,0.06653,0.67657
1067,-0.62982,-0.37567,0.06659,0.67657
1076,-0.62982,-0.37567,0.06665,0.67657
1087,-0.62982,-0.37567,0.06665,0.67657
1097,-0.62982,-0.37561,0.06665,0.67664
1106,-0.62982,-0.37555,0.06659,0.67670
1117,-0.62970,-0.37555,0.06653,0.67676
1126,-0.62958,-0.37555,0.06659,0.67688
1137,-0.62952,-0.37555,0.06665,0.67694
1146,-0.62946,-0.37549,0.06671,0.67700
1157,-0.62939,-0.37549,0.06683,0.67706
1167,-0.62939,-0.37549,0.06689,0.67706
1176,-0.62939,-0.37549,0.06689,0.67706
1187,-0.62939,-0.37555,0.06689,0.67706
1196,-0.62927,-0.37561,0.06696,0.67706
1207,-0.62921,-0.37573,0.06696,0.67712
1216,-0.62921,-0.37567,0.06696,0.67712
1227,-0.62921,-0.37555,0.06689,0.67719
1237,-0.62927,-0.37537,0.06683,0.67725
1246,-0.62927,-0.37524,0.06689,0.67731
1257,-0.62927,-0.37518,0.06689,0.67737
1266,-0.62921,-0.37524,0.06702,0.67737
1277,-0.62915,-0.37537,0.06708,0.67731
1286,-0.62909,-0.37549,0.06714,0.67731
1297,-0.62903,-0.37549,0.06714,0.67737
1306,-0.62897,-0.37543,0.06708,0.67743
1316,-0.62903,-0.37524,0.06696,0.67755
1327,-0.62897,-0.37494,0.06677,0.67773
1336,-0.62866,-0.37476,0.06671,0.67816
1347,-0.62805,-0.37476,0.06671,0.67871
1356,-0.62720,-0.37506,0.06689,0.67932
1367,-0.62604,-0.37561,0.06696,0.68011
1376,-0.62494,-0.37616,0.06671,0.68085
1386,-0.62421,-0.37640,0.06604,0.68140
1397,-0.62408,-0.37653,0.06458,0.68164
1406,-0.62445,-0.37628,0.06238,0.68164
1417,-0.62543,-0.37567,0.05975,0.68127
1426,-0.62708,-0.37518,0.05676,0.68030
1437,-0.62915,-0.37463,0.05292,0.67902
1446,-0.63037,-0.37427,0.04791,0.67847
1455,-0.62952,-0.37451,0.04376,0.67938
1466,-0.62805,-0.37268,0.04144,0.68188
1476,-0.62665,-0.36957,0.03986,0.68494
1487,-0.62488,-0.36841,0.03772,0.68732
1497,-0.62280,-0.36920,0.03552,0.68890
1506,-0.62073,-0.37073,0.03418,0.68994
1516,-0.61877,-0.37274,0.03436,0.69067
1527,-0.61688,-0.37512,0.03632,0.69098
1536,-0.61523,-0.37756,0.03973,0.69092
1547,-0.61401,-0.37994,0.04388,0.69049
1556,-0.61328,-0.38196,0.04785,0.68970
1565,-0.61304,-0.38367,0.05078,0.68878
1576,-0.61328,-0.38495,0.05255,0.68768
1586,-0.61450,-0.38525,0.05322,0.68640
1597,-0.61646,-0.38470,0.05273,0.68494
1606,-0.61951,-0.38306,0.05145,0.68323
1616,-0.62323,-0.38007,0.05017,0.68164
1627,-0.62665,-0.37653,0.05017,0.68048
1636,-0.62921,-0.37274,0.05188,0.68005
1645,-0.63123,-0.36884,0.05487,0.68011
1656,-0.63293,-0.36499,0.05841,0.68024
1666,-0.63428,-0.36182,0.06165,0.68042
1676,-0.63525,-0.35950,0.06433,0.68048
1686,-0.63617,-0.35785,0.06653,0.68030
1697,-0.63708,-0.35663,0.06830,0.67993
1706,-0.63824,-0.35571,0.06964,0.67914
1715,-0.64001,-0.35486,0.07056,0.67786
1726,-0.64233,-0.35364,0.07098,0.67627
1735,-0.64526,-0.35199,0.07117,0.67432
1746,-0.64856,-0.34985,0.07147,0.67224
1756,-0.65186,-0.34747,0.07233,0.67017
1767,-0.65472,-0.34509,0.07373,0.66846
1776,-0.65692,-0.34271,0.07501,0.66736
1785,-0.65857,-0.34021,0.07593,0.66693
1796,-0.65967,-0.33801,0.07642,0.66693
1805,-0.66034,-0.33661,0.07703,0.66687
1817,-0.66101,-0.33667,0.07788,0.66608
1826,-0.66187,-0.33826,0.07904,0.66431
1835,-0.66290,-0.34088,0.08057,0.66174
1846,-0.66412,-0.34387,0.08270,0.65869
1855,-0.66534,-0.34680,0.08551,0.65558
1866,-0.66644,-0.34918,0.08862,0.65277
1876,-0.66748,-0.35095,0.09149,0.65033
1887,-0.66852,-0.35187,0.09363,0.64850
1896,-0.66956,-0.35156,0.09497,0.64740
1905,-0.67072,-0.34998,0.09576,0.64691
1916,-0.67206,-0.34735,0.09631,0.64685
1925,-0.67352,-0.34412,0.09705,0.64697
1936,-0.67487,-0.34064,0.09808,0.64722
1946,-0.67627,-0.33710,0.09955,0.64740
1955,-0.67780,-0.33386,0.10107,0.64728
1966,-0.67932,-0.33142,0.10236,0.64667
1975,-0.68091,-0.32990,0.10327,0.64569
1986,-0.68237,-0.32941,0.10364,0.64435
1995,-0.68365,-0.32947,0.10352,0.64294
2007,-0.68451,-0.32965,0.10309,0.64197
2016,-0.68506,-0.32953,0.10266,0.64154
2025,-0.68518,-0.32898,0.10242,0.64172
2036,-0.68512,-0.32800,0.10260,0.64227
2046,-0.68488,-0.32684,0.10315,0.64307
2055,-0.68463,-0.32568,0.10400,0.64374
2066,-0.68457,-0.32458,0.10486,0.64423
2075,-0.68457,-0.32373,0.10553,0.64453
2086,-0.68463,-0.32300,0.10602,0.64478
2095,-0.68451,-0.32245,0.10651,0.64508
2106,-0.68439,-0.32214,0.10687,0.64532
2116,-0.68414,-0.32196,0.10706,0.64563
2125,-0.68390,-0.32196,0.10706,0.64587
2136,-0.68365,-0.32220,0.10706,0.64600
2146,-0.68347,-0.32263,0.10724,0.64600
2155,-0.68323,-0.32324,0.10760,0.64587
2166,-0.68292,-0.32397,0.10803,0.64575
2175,-0.68262,-0.32471,0.10852,0.64563
2186,-0.68225,-0.32550,0.10901,0.64557
2196,-0.68188,-0.32629,0.10956,0.64545
2205,-0.68146,-0.32721,0.11011,0.64532
2216,-0.68109,-0.32825,0.11072,0.64508
2226,-0.68079,-0.32928,0.11127,0.64478
2235,-0.68048,-0.33026,0.11176,0.64447
2246,-0.68024,-0.33099,0.11237,0.64435
2255,-0.67993,-0.33130,0.11310,0.64435
2266,-0.67969,-0.33112,0.11407,0.64453
2275,-0.67938,-0.33063,0.11530,0.64490
2286,-0.67926,-0.32983,0.11646,0.64520
2296,-0.67926,-0.32916,0.11737,0.64532
2305,-0.67932,-0.32886,0.11804,0.64539
2316,-0.67938,-0.32880,0.11847,0.64526
2325,-0.67944,-0.32898,0.11865,0.64502
2335,-0.67950,-0.32928,0.11865,0.64478
2346,-0.67950,-0.32965,0.11853,0.64465
2355,-0.67926,-0.33002,0.11841,0.64471
2366,-0.67889,-0.33026,0.11835,0.64502
2375,-0.67847,-0.33051,0.11835,0.64532
2385,-0.67810,-0.33087,0.11835,0.64551
2396,-0.67792,-0.33130,0.11804,0.64557
2405,-0.67780,-0.33191,0.11755,0.64551
2416,-0.67755,-0.33258,0.11694,0.64551
2425,-0.67725,-0.33344,0.11652,0.64545
2435,-0.67682,-0.33472,0.11615,0.64532
2446,-0.67627,-0.33624,0.11572,0.64514
2455,-0.67560,-0.33801,0.11523,0.64502
2466,-0.67462,-0.33978,0.11481,0.64514
2475,-0.67358,-0.34119,0.11444,0.64557
2486,-0.67249,-0.34222,0.11432,0.64618
2495,-0.67139,-0.34326,0.11426,0.64685
2505,-0.67029,-0.34436,0.11420,0.64740
2516,-0.66931,-0.34558,0.11401,0.64777
2525,-0.66864,-0.34717,0.11340,0.64771
2534,-0.66827,-0.34906,0.11212,0.64728
2545,-0.66809,-0.35107,0.11017,0.64673
2555,-0.66791,-0.35284,0.10797,0.64636
2565,-0.66772,-0.35431,0.10596,0.64606
2575,-0.66748,-0.35571,0.10443,0.64581
2586,-0.66724,-0.35730,0.10315,0.64539
2595,-0.66705,-0.35944,0.10168,0.64465
2604,-0.66681,-0.36194,0.09998,0.64374
2616,-0.66656,-0.36426,0.09808,0.64294
2625,-0.66620,-0.36633,0.09637,0.64240
2634,-0.66559,-0.36810,0.09479,0.64227
2645,-0.66486,-0.36932,0.09357,0.64252
2655,-0.66406,-0.37030,0.09277,0.64294
2666,-0.66333,-0.37128,0.09229,0.64313
2675,-0.66266,-0.37274,0.09186,0.64307
2684,-0.66205,-0.37451,0.09131,0.64276
2695,-0.66162,-0.37640,0.09070,0.64215
2704,-0.66132,-0.37836,0.08990,0.64148
2715,-0.66119,-0.38013,0.08881,0.64062
2725,-0.66125,-0.38171,0.08728,0.63983
2736,-0.66150,-0.38287,0.08563,0.63916
2745,-0.66187,-0.38361,0.08392,0.63855
2754,-0.66248,-0.38416,0.08228,0.63782
2765,-0.66333,-0.38470,0.08069,0.63678
2774,-0.66449,-0.38544,0.07904,0.63531
2785,-0.66583,-0.38635,0.07709,0.63367
2795,-0.66711,-0.38733,0.07495,0.63196
2806,-0.66821,-0.38818,0.07275,0.63049
2815,-0.66907,-0.38885,0.07074,0.62939
2825,-0.66974,-0.38922,0.06866,0.62866
2835,-0.67029,-0.38898,0.06641,0.62848
2845,-0.67059,-0.38843,0.06384,0.62878
2854,-0.67065,-0.38782,0.06116,0.62939
2865,-0.67047,-0.38745,0.05878,0.63007
2874,-0.66992,-0.38788,0.05713,0.63049
2885,-0.66919,-0.38940,0.05652,0.63037
2894,-0.66846,-0.39178,0.05664,0.62964
2905,-0.66791,-0.39453,0.05701,0.62848
2915,-0.66766,-0.39716,0.05737,0.62708
2924,-0.66785,-0.39911,0.05719,0.62561
2935,-0.66858,-0.40051,0.05627,0.62408
2944,-0.66974,-0.40131,0.05450,0.62250
2955,-0.67139,-0.40143,0.05200,0.62079
2965,-0.67340,-0.40106,0.04883,0.61914
2974,-0.67554,-0.40027,0.04529,0.61755
2985,-0.67761,-0.39905,0.04187,0.61633
2994,-0.67957,-0.39734,0.03894,0.61548
3005,-0.68140,-0.39539,0.03674,0.61487
3014,-0.68298,-0.39325,0.03516,0.61462
3024,-0.68427,-0.39105,0.03406,0.61456
3035,-0.68542,-0.38892,0.03326,0.61475
3044,-0.68622,-0.38678,0.03271,0.61517
3055,-0.68683,-0.38477,0.03223,0.61578
3065,-0.68713,-0.38293,0.03192,0.61664
3074,-0.68726,-0.38129,0.03180,0.61749
3085,-0.68719,-0.38007,0.03168,0.61829
3094,-0.68701,-0.37933,0.03149,0.61902
3105,-0.68658,-0.37897,0.03143,0.61969
3114,-0.68610,-0.37885,0.03149,0.62030
3124,-0.68549,-0.37891,0.03162,0.62097
3135,-0.68475,-0.37909,0.03174,0.62164
3144,-0.68390,-0.37933,0.03180,0.62244
3155,-0.68286,-0.37964,0.03210,0.62335
3164,-0.68201,-0.38007,0.03265,0.62402
3174,-0.68127,-0.38092,0.03375,0.62421
3185,-0.68066,-0.38269,0.03528,0.62372
3194,-0.67993,-0.38574,0.03766,0.62250
3204,-0.67877,-0.39032,0.04095,0.62067
3215,-0.67725,-0.39612,0.04462,0.61847
3224,-0.67554,-0.40192,0.04785,0.61627
3235,-0.67413,-0.40674,0.05029,0.61444
3244,-0.67340,-0.40979,0.05151,0.61322
3254,-0.67334,-0.41077,0.05145,0.61261
3265,-0.67395,-0.41022,0.05066,0.61230
3274,-0.67499,-0.40863,0.04980,0.61230
3285,-0.67676,-0.40613,0.04913,0.61218
3294,-0.67908,-0.40289,0.04834,0.61176
3305,-0.68170,-0.39923,0.04749,0.61127
3314,-0.68433,-0.39551,0.04639,0.61084
3324,-0.68671,-0.39172,0.04498,0.61072
3335,-0.68854,-0.38812,0.04352,0.61102
3344,-0.69000,-0.38477,0.04236,0.61163
3354,-0.69141,-0.38116,0.04169,0.61230
3365,-0.69324,-0.37726,0.04126,0.61273
3374,-0.69543,-0.37311,0.04083,0.61279
3385,-0.69775,-0.36926,0.04022,0.61255
3394,-0.69983,-0.36615,0.04022,0.61206
3405,-0.70135,-0.36389,0.04083,0.61163
3414,-0.70221,-0.36249,0.04181,0.61133
3424,-0.70251,-0.36188,0.04272,0.61133
3435,-0.70239,-0.36176,0.04315,0.61151
3444,-0.70203,-0.36188,0.04285,0.61188
3453,-0.70154,-0.36237,0.04181,0.61224
3464,-0.70111,-0.36298,0.03998,0.61249
3474,-0.70068,-0.36334,0.03741,0.61292
3485,-0.70001,-0.36322,0.03473,0.61389
3494,-0.69922,-0.36224,0.03265,0.61548
3503,-0.69849,-0.36023,0.03149,0.61761
3514,-0.69788,-0.35748,0.03094,0.61993
3524,-0.69727,-0.35474,0.03076,0.62213
3535,-0.69659,-0.35236,0.03052,0.62427
3544,-0.69568,-0.35083,0.02979,0.62622
3553,-0.69427,-0.35016,0.02863,0.62811
3564,-0.69269,-0.35004,0.02734,0.63000
3574,-0.69116,-0.34973,0.02631,0.63190
3584,-0.69012,-0.34875,0.02551,0.63367
3594,-0.68958,-0.34668,0.02472,0.63538
3605,-0.68927,-0.34381,0.02380,0.63727
3614,-0.68884,-0.34052,0.02313,0.63953
3623,-0.68811,-0.33734,0.02307,0.64203
3635,-0.68707,-0.33484,0.02362,0.64441
3644,-0.68604,-0.33319,0.02417,0.64636
3653,-0.68512,-0.33246,0.02441,0.64771
3664,-0.68451,-0.33228,0.02423,0.64844
3674,-0.68396,-0.33252,0.02393,0.64886
3685,-0.68329,-0.33319,0.02350,0.64929
3694,-0.68237,-0.33417,0.02301,0.64972
3703,-0.68115,-0.33563,0.02264,0.65027
3714,-0.67981,-0.33740,0.02240,0.65082
3723,-0.67859,-0.33923,0.02216,0.65112
3734,-0.67786,-0.34094,0.02173,0.65106
3743,-0.67743,-0.34222,0.02094,0.65082
3755,-0.67694,-0.34320,0.01984,0.65088
3764,-0.67596,-0.34430,0.01880,0.65131
3773,-0.67444,-0.34570,0.01831,0.65216
3784,-0.67249,-0.34760,0.01868,0.65314
3794,-0.67059,-0.34985,0.01953,0.65387
3805,-0.66907,-0.35217,0.02032,0.65417
3814,-0.66785,-0.35443,0.02094,0.65417
3823,-0.66693,-0.35626,0.02173,0.65405
3834,-0.66602,-0.35773,0.02313,0.65417
3844,-0.66498,-0.35883,0.02484,0.65454
3853,-0.66400,-0.35986,0.02661,0.65491
3864,-0.66309,-0.36090,0.02789,0.65521
3873,-0.66223,-0.36176,0.02844,0.65558
3883,-0.66150,-0.36267,0.02826,0.65582
3894,-0.66095,-0.36365,0.02753,0.65588
3903,-0.66040,-0.36499,0.02686,0.65564
3914,-0.65979,-0.36713,0.02655,0.65515
3923,-0.65887,-0.37018,0.02686,0.65436
3934,-0.65784,-0.37378,0.02753,0.65332
3944,-0.65668,-0.37738,0.02832,0.65234
3953,-0.65582,-0.38037,0.02917,0.65149
3964,-0.65521,-0.38245,0.02985,0.65082
3973,-0.65479,-0.38373,0.03040,0.65051
3984,-0.65442,-0.38464,0.03070,0.65033
3994,-0.65417,-0.38501,0.03070,0.65033
4003,-0.65393,-0.38501,0.03040,0.65057
4014,-0.65350,-0.38470,0.02979,0.65118
4023,-0.65314,-0.38409,0.02881,0.65192
4034,-0.65271,-0.38348,0.02795,0.65283
4044,-0.65198,-0.38336,0.02814,0.65356
4053,-0.65106,-0.38422,0.02960,0.65399
4064,-0.64990,-0.38593,0.03204,0.65393
4073,-0.64874,-0.38824,0.03510,0.65356
4084,-0.64764,-0.39050,0.03821,0.65314
4093,-0.64667,-0.39233,0.04095,0.65289
4104,-0.64581,-0.39362,0.04315,0.65283
4113,-0.64520,-0.39417,0.04486,0.65295
4123,-0.64496,-0.39423,0.04602,0.65308
4134,-0.64502,-0.39398,0.04657,0.65314
4143,-0.64532,-0.39343,0.04669,0.65314
4154,-0.64569,-0.39288,0.04681,0.65314
4163,-0.64587,-0.39264,0.04718,0.65308
4174,-0.64575,-0.39301,0.04810,0.65289
4183,-0.64545,-0.39398,0.04932,0.65253
4193,-0.64508,-0.39526,0.05072,0.65198
4204,-0.64484,-0.39642,0.05194,0.65143
4213,-0.64471,-0.39703,0.05261,0.65112
4224,-0.64471,-0.39691,0.05267,0.65118
4233,-0.64478,-0.39606,0.05237,0.65167
4243,-0.64490,-0.39484,0.05194,0.65234
4254,-0.64502,-0.39349,0.05170,0.65302
4263,-0.64514,-0.39258,0.05157,0.65344
4273,-0.64520,-0.39240,0.05170,0.65350
4284,-0.64526,-0.39282,0.05206,0.65320
4293,-0.64520,-0.39380,0.05255,0.65259
4304,-0.64508,-0.39508,0.05322,0.65186
4313,-0.64502,-0.39636,0.05396,0.65118
4322,-0.64496,-0.39716,0.05463,0.65070
4333,-0.64496,-0.39734,0.05487,0.65051
4343,-0.64496,-0.39709,0.05469,0.65063
4352,-0.64502,-0.39642,0.05420,0.65106
4363,-0.64520,-0.39563,0.05377,0.65143
4373,-0.64545,-0.39496,0.05328,0.65161
4384,-0.64581,-0.39459,0.05261,0.65149
4393,-0.64624,-0.39459,0.05176,0.65118
4404,-0.64661,-0.39490,0.05103,0.65063
4413,-0.64691,-0.39532,0.05048,0.65009
4422,-0.64716,-0.39581,0.05048,0.64966
4433,-0.64722,-0.39612,0.05072,0.64935
4443,-0.64716,-0.39636,0.05109,0.64917
4454,-0.64716,-0.39636,0.05121,0.64923
4463,-0.64728,-0.39600,0.05115,0.64935
4473,-0.64746,-0.39532,0.05084,0.64960
4484,-0.64764,-0.39465,0.05048,0.64984
4493,-0.64789,-0.39429,0.04993,0.64984
4502,-0.64807,-0.39423,0.04938,0.64972
4513,-0.64825,-0.39423,0.04883,0.64966
4523,-0.64825,-0.39410,0.04828,0.64972
4534,-0.64819,-0.39386,0.04810,0.64996
4543,-0.64801,-0.39374,0.04822,0.65021
4552,-0.64783,-0.39380,0.04871,0.65033
4563,-0.64764,-0.39410,0.04938,0.65027
4573,-0.64740,-0.39459,0.04999,0.65015
4582,-0.64722,-0.39502,0.05042,0.65002
4593,-0.64716,-0.39532,0.05054,0.64990
4602,-0.64709,-0.39545,0.05023,0.64990
4613,-0.64709,-0.39526,0.04956,0.65009
4623,-0.64716,-0.39478,0.04877,0.65039
4634,-0.64716,-0.39429,0.04779,0.65070
4643,-0.64716,-0.39398,0.04681,0.65100
4652,-0.64703,-0.39404,0.04590,0.65112
4663,-0.64673,-0.39459,0.04523,0.65118
4672,-0.64618,-0.39551,0.04480,0.65118
4683,-0.64551,-0.39685,0.04468,0.65100
4693,-0.64459,-0.39856,0.04437,0.65088
4702,-0.64343,-0.40076,0.04370,0.65076
4713,-0.64203,-0.40332,0.04248,0.65063
4723,-0.64032,-0.40631,0.04047,0.65063
4733,-0.63843,-0.40955,0.03790,0.65057
4743,-0.63641,-0.41278,0.03491,0.65070
4752,-0.63409,-0.41571,0.03204,0.65125
4763,-0.63147,-0.41809,0.03021,0.65234
4773,-0.62842,-0.42004,0.03027,0.65399
4782,-0.62531,-0.42169,0.03204,0.65582
4793,-0.62231,-0.42340,0.03491,0.65747
4802,-0.61951,-0.42554,0.03815,0.65857
4813,-0.61713,-0.42816,0.04126,0.65887
4823,-0.61542,-0.43097,0.04401,0.65845
4832,-0.61438,-0.43353,0.04608,0.65765
4843,-0.61401,-0.43506,0.04779,0.65686
4852,-0.61438,-0.43536,0.04913,0.65619
4863,-0.61536,-0.43457,0.04974,0.65576
4873,-0.61694,-0.43304,0.04950,0.65527
4882,-0.61884,-0.43091,0.04834,0.65503
4893,-0.62054,-0.42828,0.04724,0.65521
4902,-0.62219,-0.42505,0.04712,0.65576
4913,-0.62390,-0.42139,0.04822,0.65643
4923,-0.62579,-0.41779,0.05042,0.65674
4932,-0.62805,-0.41461,0.05304,0.65637
4943,-0.63037,-0.41223,0.05579,0.65546
4952,-0.63263,-0.41083,0.05872,0.65387
4963,-0.63495,-0.41016,0.06195,0.65173
4973,-0.63751,-0.40906,0.06537,0.64960
4982,-0.64026,-0.40686,0.06873,0.64795
4993,-0.64307,-0.40350,0.07178,0.64697
5002,-0.64587,-0.39917,0.07385,0.64661
5012,-0.64850,-0.39459,0.07513,0.64667
5023,-0.65106,-0.39020,0.07544,0.64667
5032,-0.65369,-0.38672,0.07446,0.64624
5043,-0.65619,-0.38458,0.07190,0.64526
5052,-0.65820,-0.38367,0.06842,0.64410
5062,-0.65948,-0.38324,0.06512,0.64337
5073,-0.66016,-0.38275,0.06305,0.64325
5082,-0.66016,-0.38208,0.06256,0.64368
5093,-0.65973,-0.38141,0.06378,0.64441
5102,-0.65900,-0.38104,0.06616,0.64508
5113,-0.65820,-0.38141,0.06915,0.64539
5122,-0.65723,-0.38257,0.07251,0.64532
5132,-0.65631,-0.38446,0.07599,0.64471
5143,-0.65552,-0.38702,0.07916,0.64362
5152,-0.65503,-0.39001,0.08154,0.64203
5163,-0.65472,-0.39307,0.08301,0.64032
5172,-0.65454,-0.39563,0.08350,0.63885
5182,-0.65442,-0.39722,0.08319,0.63800
5193,-0.65424,-0.39764,0.08228,0.63806
5202,-0.65405,-0.39703,0.08112,0.63873
5213,-0.65399,-0.39569,0.07971,0.63983
5222,-0.65424,-0.39380,0.07806,0.64093
5232,-0.65460,-0.39191,0.07629,0.64197
5243,-0.65497,-0.39038,0.07452,0.64270
5252,-0.65533,-0.38953,0.07312,0.64307
5263,-0.65558,-0.38928,0.07214,0.64307
5272,-0.65570,-0.38947,0.07166,0.64282
5282,-0.65576,-0.38983,0.07159,0.64258
5293,-0.65570,-0.39008,0.07190,0.64246
5302,-0.65552,-0.39008,0.07245,0.64258
5312,-0.65533,-0.38977,0.07306,0.64288
5323,-0.65521,-0.38953,0.07367,0.64307
5332,-0.65527,-0.38940,0.07404,0.64307
5341,-0.65533,-0.38934,0.07428,0.64301
5352,-0.65540,-0.38934,0.07446,0.64294
5362,-0.65546,-0.38928,0.07471,0.64282
5373,-0.65564,-0.38922,0.07489,0.64270
5382,-0.65588,-0.38898,0.07489,0.64264
5391,-0.65607,-0.38855,0.07483,0.64270
5402,-0.65613,-0.38794,0.07495,0.64294
5412,-0.65619,-0.38739,0.07538,0.64313
5423,-0.65631,-0.38702,0.07587,0.64319
5432,-0.65649,-0.38690,0.07629,0.64307
5441,-0.65668,-0.38696,0.07660,0.64282
5452,-0.65686,-0.38696,0.07684,0.64258
5462,-0.65710,-0.38684,0.07709,0.64233
5472,-0.65741,-0.38647,0.07727,0.64227
5482,-0.65778,-0.38593,0.07758,0.64215
5493,-0.65814,-0.38538,0.07782,0.64209
5502,-0.65845,-0.38501,0.07812,0.64203
5511,-0.65863,-0.38483,0.07849,0.64185
5522,-0.65881,-0.38477,0.07880,0.64166
5532,-0.65900,-0.38458,0.07910,0.64154
5543,-0.65924,-0.38440,0.07941,0.64136
5552,-0.65936,-0.38428,0.07983,0.64124
5561,-0.65961,-0.38403,0.08026,0.64111
5572,-0.65985,-0.38391,0.08069,0.64087
5581,-0.66003,-0.38397,0.08118,0.64056
5592,-0.66028,-0.38422,0.08179,0.64014
5602,-0.66052,-0.38446,0.08252,0.63959
5611,-0.66083,-0.38489,0.08337,0.63898
5622,-0.66113,-0.38550,0.08429,0.63812
5631,-0.66162,-0.38629,0.08533,0.63702
5642,-0.66229,-0.38733,0.08661,0.63550
5652,-0.66333,-0.38837,0.08807,0.63361
5661,-0.66461,-0.38959,0.08972,0.63129
5672,-0.66620,-0.39087,0.09143,0.62854
5681,-0.66797,-0.39240,0.09332,0.62543
5692,-0.66980,-0.39417,0.09576,0.62201
5701,-0.67188,-0.39587,0.09869,0.61823
5712,-0.67426,-0.39746,0.10242,0.61395
5722,-0.67719,-0.39880,0.10687,0.60913
5731,-0.68048,-0.39966,0.11157,0.60400
5742,-0.68384,-0.40015,0.11615,0.59894
5751,-0.68726,-0.40015,0.12012,0.59430
5762,-0.69067,-0.39960,0.12341,0.59003
5772,-0.69427,-0.39832,0.12549,0.58618
5782,-0.69812,-0.39636,0.12592,0.58282
5792,-0.70209,-0.39368,0.12457,0.58014
5801,-0.70593,-0.39038,0.12183,0.57837
5812,-0.70935,-0.38647,0.11835,0.57751
5822,-0.71228,-0.38214,0.11469,0.57745
5831,-0.71478,-0.37762,0.11127,0.57806
5842,-0.71698,-0.37274,0.10840,0.57898
5851,-0.71924,-0.36743,0.10608,0.58002
5862,-0.72156,-0.36176,0.10419,0.58105
5871,-0.72400,-0.35632,0.10242,0.58179
5882,-0.72620,-0.35181,0.10083,0.58197
5892,-0.72809,-0.34930,0.09961,0.58136
5901,-0.72980,-0.34937,0.09882,0.57935
5912,-0.73126,-0.35193,0.09833,0.57599
5921,-0.73230,-0.35602,0.09796,0.57220
5932,-0.73279,-0.36072,0.09766,0.56866
5941,-0.73273,-0.36493,0.09753,0.56610
5951,-0.73248,-0.36768,0.09741,0.56464
5962,-0.73230,-0.36853,0.09692,0.56445
5971,-0.73230,-0.36755,0.09601,0.56519
5982,-0.73260,-0.36530,0.09460,0.56647
5991,-0.73328,-0.36243,0.09320,0.56775
6001,-0.73407,-0.35974,0.09186,0.56866
6012,-0.73486,-0.35779,0.09082,0.56897
6021,-0.73535,-0.35693,0.09039,0.56891
6032,-0.73553,-0.35712,0.09070,0.56854
6041,-0.73541,-0.35785,0.09174,0.56812
6051,-0.73505,-0.35876,0.09320,0.56781
6062,-0.73462,-0.35950,0.09479,0.56757
6071,-0.73431,-0.35992,0.09613,0.56744
6082,-0.73425,-0.35980,0.09698,0.56744
6091,-0.73444,-0.35931,0.09711,0.56757
6101,-0.73462,-0.35858,0.09656,0.56781
6112,-0.73486,-0.35773,0.09558,0.56824
6121,-0.73499,-0.35699,0.09436,0.56873
6132,-0.73499,-0.35651,0.09320,0.56927
6141,-0.73468,-0.35632,0.09241,0.56989
6151,-0.73413,-0.35657,0.09216,0.57043
6162,-0.73364,-0.35730,0.09253,0.57056
6171,-0.73315,-0.35852,0.09326,0.57031
6182,-0.73279,-0.35999,0.09399,0.56976
6191,-0.73248,-0.36145,0.09473,0.56909
6201,-0.73230,-0.36267,0.09515,0.56848
6210,-0.73218,-0.36346,0.09528,0.56812
6221,-0.73218,-0.36377,0.09491,0.56799
6231,-0.73218,-0.36365,0.09412,0.56824
6242,-0.73218,-0.36304,0.09302,0.56879
6251,-0.73218,-0.36218,0.09204,0.56946
6260,-0.73224,-0.36127,0.09113,0.57013
6271,-0.73218,-0.36047,0.09052,0.57080
6281,-0.73206,-0.35986,0.09021,0.57135
6291,-0.73193,-0.35974,0.09027,0.57159
6301,-0.73175,-0.36011,0.09039,0.57159
6312,-0.73138,-0.36102,0.09045,0.57141
6321,-0.73096,-0.36230,0.09058,0.57117
6331,-0.73047,-0.36365,0.09070,0.57098
6342,-0.72992,-0.36487,0.09076,0.57086
6351,-0.72943,-0.36578,0.09064,0.57086
6360,-0.72913,-0.36627,0.09039,0.57104
6371,-0.72888,-0.36633,0.08984,0.57135
6381,-0.72876,-0.36615,0.08905,0.57178
6392,-0.72870,-0.36578,0.08813,0.57220
6401,-0.72858,-0.36566,0.08728,0.57263
6410,-0.72827,-0.36578,0.08661,0.57300
6421,-0.72791,-0.36615,0.08606,0.57330
6430,-0.72754,-0.36676,0.08569,0.57349
6441,-0.72711,-0.36737,0.08551,0.57361
6451,-0.72668,-0.36804,0.08551,0.57373
6462,-0.72632,-0.36853,0.08569,0.57385
6471,-0.72589,-0.36908,0.08600,0.57397
6480,-0.72559,-0.36969,0.08630,0.57397
6491,-0.72528,-0.37036,0.08630,0.57391
6500,-0.72504,-0.37091,0.08618,0.57385
6511,-0.72485,-0.37122,0.08588,0.57397
6521,-0.72473,-0.37128,0.08539,0.57422
6532,-0.72455,-0.37122,0.08478,0.57452
6541,-0.72430,-0.37115,0.08423,0.57489
6550,-0.72412,-0.37115,0.08386,0.57520
6561,-0.72388,-0.37134,0.08374,0.57544
6571,-0.72357,-0.37170,0.08386,0.57556
6581,-0.72327,-0.37219,0.08398,0.57562
6591,-0.72308,-0.37268,0.08411,0.57556
6600,-0.72296,-0.37311,0.08417,0.57544
6611,-0.72290,-0.37341,0.08423,0.57526
6620,-0.72290,-0.37366,0.08417,0.57507
6631,-0.72296,-0.37366,0.08398,0.57501
6641,-0.72314,-0.37354,0.08368,0.57495
6652,-0.72339,-0.37311,0.08331,0.57495
6661,-0.72375,-0.37250,0.08295,0.57495
6670,-0.72424,-0.37164,0.08270,0.57489
6681,-0.72485,-0.37067,0.08252,0.57483
6690,-0.72546,-0.36957,0.08234,0.57477
6701,-0.72607,-0.36853,0.08209,0.57471
6711,-0.72662,-0.36749,0.08197,0.57471
6720,-0.72693,-0.36627,0.08228,0.57501
6731,-0.72717,-0.36481,0.08307,0.57550
6740,-0.72736,-0.36316,0.08411,0.57617
6751,-0.72742,-0.36133,0.08508,0.57715
6760,-0.72736,-0.35950,0.08563,0.57831
6771,-0.72705,-0.35785,0.08557,0.57971
6781,-0.72662,-0.35651,0.08472,0.58118
6790,-0.72614,-0.35571,0.08264,0.58264
6801,-0.72559,-0.35535,0.07928,0.58398
6810,-0.72498,-0.35522,0.07495,0.58533
6821,-0.72418,-0.35504,0.07056,0.58691
6830,-0.72321,-0.35486,0.06714,0.58868
6841,-0.72205,-0.35492,0.06500,0.59033
6851,-0.72064,-0.35565,0.06403,0.59174
6860,-0.71899,-0.35718,0.06384,0.59277
6871,-0.71729,-0.35938,0.06396,0.59351
6880,-0.71588,-0.36176,0.06323,0.59381
6890,-0.71497,-0.36426,0.06079,0.59369
6901,-0.71436,-0.36664,0.05646,0.59338
6910,-0.71381,-0.36902,0.05078,0.59308
6920,-0.71313,-0.37146,0.04431,0.59290
6931,-0.71216,-0.37396,0.03802,0.59296
6940,-0.71075,-0.37628,0.03265,0.59351
6951,-0.70886,-0.37817,0.02875,0.59473
6961,-0.70685,-0.37933,0.02655,0.59644
6970,-0.70508,-0.37982,0.02527,0.59833
6981,-0.70367,-0.38007,0.02441,0.59985
6990,-0.70258,-0.38055,0.02368,0.60083
7001,-0.70178,-0.38196,0.02289,0.60089
7010,-0.70123,-0.38464,0.02130,0.59991
7020,-0.70099,-0.38818,0.01862,0.59796
7031,-0.70087,-0.39166,0.01514,0.59595
7040,-0.70056,-0.39441,0.01166,0.59460
7051,-0.69995,-0.39624,0.00879,0.59418
7060,-0.69916,-0.39716,0.00696,0.59454
7071,-0.69836,-0.39740,0.00592,0.59528
7080,-0.69769,-0.39740,0.00531,0.59607
7090,-0.69708,-0.39764,0.00494,0.59662
7100,-0.69666,-0.39813,0.00470,0.59680
7110,-0.69641,-0.39880,0.00439,0.59662
7121,-0.69623,-0.39960,0.00415,0.59631
7130,-0.69623,-0.40021,0.00403,0.59595
7141,-0.69635,-0.40057,0.00385,0.59552
7150,-0.69672,-0.40063,0.00354,0.59509
7159,-0.69714,-0.40021,0.00311,0.59485
7170,-0.69769,-0.39948,0.00275,0.59473
7180,-0.69830,-0.39856,0.00250,0.59460
7191,-0.69897,-0.39764,0.00244,0.59442
7200,-0.69971,-0.39685,0.00250,0.59412
7211,-0.70038,-0.39624,0.00256,0.59369
7220,-0.70111,-0.39563,0.00250,0.59326
7229,-0.70172,-0.39502,0.00250,0.59296
7240,-0.70227,-0.39417,0.00269,0.59283
7250,-0.70276,-0.39325,0.00317,0.59290
7261,-0.70319,-0.39221,0.00385,0.59302
7270,-0.70355,-0.39124,0.00470,0.59326
7279,-0.70392,-0.39026,0.00562,0.59344
7290,-0.70416,-0.38953,0.00653,0.59363
7299,-0.70428,-0.38910,0.00726,0.59375
7310,-0.70441,-0.38885,0.00787,0.59381
7320,-0.70441,-0.38879,0.00836,0.59381
7331,-0.70441,-0.38885,0.00873,0.59375
7340,-0.70453,-0.38898,0.00909,0.59357
7349,-0.70471,-0.38898,0.00946,0.59332
7360,-0.70490,-0.38898,0.00983,0.59308
7370,-0.70508,-0.38898,0.01025,0.59290
7380,-0.70520,-0.38885,0.01080,0.59277
7390,-0.70520,-0.38879,0.01141,0.59283
7399,-0.70508,-0.38873,0.01215,0.59296
7410,-0.70496,-0.38904,0.01288,0.59290
7419,-0.70483,-0.38947,0.01331,0.59271
7430,-0.70471,-0.39008,0.01343,0.59253
7440,-0.70453,-0.39062,0.01324,0.59235
7450,-0.70435,-0.39105,0.01300,0.59229
7460,-0.70422,-0.39130,0.01270,0.59235
7469,-0.70410,-0.39136,0.01239,0.59247
7480,-0.70398,-0.39117,0.01208,0.59265
7489,-0.70392,-0.39087,0.01184,0.59296
7500,-0.70386,-0.39056,0.01154,0.59326
7509,-0.70386,-0.39032,0.01129,0.59338
7520,-0.70392,-0.39032,0.01105,0.59338
7530,-0.70392,-0.39050,0.01093,0.59320
7539,-0.70386,-0.39087,0.01099,0.59308
7550,-0.70367,-0.39142,0.01105,0.59290
7559,-0.70337,-0.39197,0.01105,0.59290
7570,-0.70312,-0.39240,0.01111,0.59296
7580,-0.70288,-0.39270,0.01123,0.59296
7589,-0.70282,-0.39288,0.01129,0.59296
7600,-0.70276,-0.39288,0.01129,0.59302
7609,-0.70264,-0.39288,0.01117,0.59314
7621,-0.70251,-0.39294,0.01117,0.59332
7630,-0.70239,-0.39307,0.01117,0.59338
7639,-0.70227,-0.39331,0.01123,0.59332
7650,-0.70221,-0.39374,0.01129,0.59308
7660,-0.70215,-0.39417,0.01147,0.59283
7669,-0.70215,-0.39459,0.01184,0.59259
7680,-0.70215,-0.39496,0.01221,0.59235
7689,-0.70233,-0.39514,0.01251,0.59204
7700,-0.70251,-0.39508,0.01257,0.59180
7709,-0.70276,-0.39484,0.01251,0.59167
7720,-0.70306,-0.39435,0.01239,0.59167
7730,-0.70337,-0.39392,0.01215,0.59161
7739,-0.70367,-0.39355,0.01184,0.59149
7750,-0.70398,-0.39331,0.01147,0.59125
7759,-0.70428,-0.39331,0.01093,0.59094
7770,-0.70447,-0.39343,0.01044,0.59064
7779,-0.70453,-0.39368,0.01019,0.59039
7789,-0.70453,-0.39404,0.01019,0.59015
7800,-0.70453,-0.39435,0.01031,0.58997
7809,-0.70447,-0.39465,0.01038,0.58984
7820,-0.70447,-0.39484,0.01044,0.58972
7829,-0.70453,-0.39490,0.01044,0.58960
7840,-0.70465,-0.39471,0.01019,0.58954
7849,-0.70483,-0.39435,0.00989,0.58960
7859,-0.70496,-0.39380,0.00970,0.58984
7870,-0.70508,-0.39325,0.00946,0.59003
7879,-0.70508,-0.39288,0.00928,0.59027
7890,-0.70508,-0.39282,0.00909,0.59039
7900,-0.70496,-0.39301,0.00903,0.59039
7909,-0.70477,-0.39343,0.00897,0.59033
7920,-0.70459,-0.39392,0.00903,0.59021
7930,-0.70435,-0.39447,0.00903,0.59015
7939,-0.70410,-0.39478,0.00903,0.59021
7950,-0.70392,-0.39496,0.00897,0.59033
7959,-0.70380,-0.39496,0.00891,0.59045
7969,-0.70374,-0.39478,0.00873,0.59064
7980,-0.70374,-0.39453,0.00867,0.59082
7989,-0.70374,-0.39429,0.00861,0.59094
8000,-0.70380,-0.39417,0.00867,0.59100
8009,-0.70392,-0.39404,0.00867,0.59094
8018,-0.70404,-0.39386,0.00854,0.59088
8029,-0.70416,-0.39368,0.00836,0.59088
8039,-0.70416,-0.39362,0.00812,0.59094
8050,-0.70410,-0.39368,0.00800,0.59094
8059,-0.70404,-0.39392,0.00793,0.59088
8070,-0.70386,-0.39435,0.00787,0.59076
8079,-0.70374,-0.39490,0.00787,0.59058
8088,-0.70361,-0.39551,0.00781,0.59033
8099,-0.70343,-0.39600,0.00781,0.59015
8109,-0.70337,-0.39636,0.00787,0.59009
8120,-0.70337,-0.39642,0.00787,0.59003
8129,-0.70343,-0.39630,0.00781,0.59003
8140,-0.70355,-0.39612,0.00751,0.59003
8149,-0.70367,-0.39581,0.00714,0.59009
8158,-0.70367,-0.39557,0.00677,0.59021
8169,-0.70374,-0.39539,0.00647,0.59027
8179,-0.70374,-0.39526,0.00623,0.59033
8190,-0.70374,-0.39520,0.00616,0.59045
8199,-0.70361,-0.39514,0.00635,0.59058
8210,-0.70343,-0.39514,0.00659,0.59082
8219,-0.70325,-0.39520,0.00684,0.59100
8228,-0.70306,-0.39520,0.00702,0.59119
8239,-0.70288,-0.39520,0.00732,0.59143
8249,-0.70270,-0.39520,0.00769,0.59161
8259,-0.70251,-0.39520,0.00806,0.59180
8269,-0.70227,-0.39532,0.00830,0.59204
8280,-0.70197,-0.39551,0.00842,0.59229
8289,-0.70160,-0.39575,0.00848,0.59253
8298,-0.70129,-0.39594,0.00824,0.59277
8309,-0.70099,-0.39594,0.00769,0.59308
8319,-0.70062,-0.39587,0.00714,0.59363
8329,-0.70013,-0.39594,0.00671,0.59418
8339,-0.69952,-0.39618,0.00647,0.59479
8350,-0.69885,-0.39661,0.00635,0.59521
8359,-0.69818,-0.39709,0.00623,0.59564
8368,-0.69763,-0.39764,0.00616,0.59601
8379,-0.69720,-0.39801,0.00598,0.59625
8388,-0.69690,-0.39807,0.00580,0.59650
8399,-0.69672,-0.39789,0.00580,0.59686
8409,-0.69659,-0.39746,0.00623,0.59735
8418,-0.69647,-0.39722,0.00708,0.59760
8429,-0.69635,-0.39740,0.00806,0.59760
8439,-0.69617,-0.39801,0.00897,0.59741
8450,-0.69598,-0.39899,0.00970,0.59692
8459,-0.69592,-0.40009,0.01019,0.59631
8468,-0.69592,-0.40118,0.01019,0.59552
8479,-0.69611,-0.40198,0.00989,0.59485
8488,-0.69635,-0.40247,0.00952,0.59424
8499,-0.69666,-0.40277,0.00916,0.59363
8509,-0.69708,-0.40302,0.00861,0.59296
8518,-0.69757,-0.40338,0.00793,0.59222
8529,-0.69800,-0.40387,0.00732,0.59131
8538,-0.69849,-0.40448,0.00677,0.59033
8549,-0.69897,-0.40515,0.00635,0.58936
8558,-0.69952,-0.40570,0.00610,0.58832
8569,-0.70020,-0.40631,0.00604,0.58704
8579,-0.70111,-0.40710,0.00598,0.58539
8588,-0.70221,-0.40790,0.00562,0.58350
8599,-0.70355,-0.40845,0.00488,0.58154
8608,-0.70520,-0.40833,0.00391,0.57965
8619,-0.70721,-0.40765,0.00250,0.57770
8628,-0.70935,-0.40649,0.00049,0.57587
8638,-0.71130,-0.40497,-0.00220,0.57452
8649,-0.71283,-0.40302,-0.00549,0.57397
8658,-0.71356,-0.40070,-0.00922,0.57465
8669,-0.71320,-0.39813,-0.01270,0.57684
8678,-0.71136,-0.39569,-0.01508,0.58069
8689,-0.70819,-0.39386,-0.01611,0.58582
8699,-0.70374,-0.39355,-0.01587,0.59131
8708,-0.69861,-0.39551,-0.01459,0.59607
8719,-0.69354,-0.39941,-0.01282,0.59943
8728,-0.68909,-0.40448,-0.01123,0.60120
8739,-0.68542,-0.40930,-0.01062,0.60211
8748,-0.68237,-0.41260,-0.01123,0.60339
8758,-0.67957,-0.41364,-0.01312,0.60583
8769,-0.67639,-0.41260,-0.01605,0.60992
8778,-0.67273,-0.41010,-0.01978,0.61554
8789,-0.66858,-0.40717,-0.02350,0.62183
8798,-0.66425,-0.40491,-0.02661,0.62781
8809,-0.66010,-0.40387,-0.02869,0.63275
8818,-0.65607,-0.40417,-0.02972,0.63666
8828,-0.65210,-0.40601,-0.03003,0.63959
8839,-0.64795,-0.40936,-0.02966,0.64166
8848,-0.64392,-0.41400,-0.02856,0.64282
8859,-0.64026,-0.41949,-0.02692,0.64301
8868,-0.63733,-0.42505,-0.02496,0.64227
8879,-0.63544,-0.42999,-0.02313,0.64093
8888,-0.63446,-0.43384,-0.02179,0.63934
8898,-0.63409,-0.43707,-0.02118,0.63751
8909,-0.63409,-0.43988,-0.02112,0.63562
8918,-0.63440,-0.44196,-0.02167,0.63391
8929,-0.63464,-0.44312,-0.02301,0.63275
8938,-0.63477,-0.44391,-0.02490,0.63202
8949,-0.63470,-0.44220,-0.02637,0.63318
8958,-0.63452,-0.43573,-0.02533,0.63794
8968,-0.63617,-0.43024,-0.02301,0.64008
8979,-0.63892,-0.42804,-0.02332,0.63879
8988,-0.64069,-0.42828,-0.02533,0.63678
8998,-0.64160,-0.42841,-0.02551,0.63580
9009,-0.64209,-0.42731,-0.02350,0.63611
9018,-0.64246,-0.42566,-0.02039,0.63690
9027,-0.64307,-0.42371,-0.01752,0.63770
9038,-0.64380,-0.42175,-0.01562,0.63831
9048,-0.64453,-0.41998,-0.01465,0.63873
9059,-0.64526,-0.41852,-0.01416,0.63892
9068,-0.64594,-0.41748,-0.01404,0.63892
9078,-0.64661,-0.41675,-0.01392,0.63879
9089,-0.64716,-0.41626,-0.01367,0.63855
9098,-0.64758,-0.41602,-0.01288,0.63831
9109,-0.64777,-0.41608,-0.01154,0.63806
9118,-0.64783,-0.41620,-0.00989,0.63794
9127,-0.64783,-0.41620,-0.00830,0.63800
9138,-0.64783,-0.41602,-0.00702,0.63812
9148,-0.64795,-0.41547,-0.00623,0.63837
9159,-0.64832,-0.41449,-0.00629,0.63867
9168,-0.64874,-0.41309,-0.00702,0.63910
9177,-0.64917,-0.41150,-0.00836,0.63965
9188,-0.64972,-0.40979,-0.01007,0.64020
9197,-0.65021,-0.40802,-0.01190,0.64081
9208,-0.65063,-0.40643,-0.01312,0.64136
9218,-0.65094,-0.40521,-0.01349,0.64178
9229,-0.65118,-0.40442,-0.01294,0.64203
9238,-0.65131,-0.40411,-0.01172,0.64215
9247,-0.65131,-0.40405,-0.01025,0.64221
9258,-0.65131,-0.40411,-0.00897,0.64221
9267,-0.65131,-0.40411,-0.00800,0.64221
9278,-0.65131,-0.40399,-0.00726,0.64233
9288,-0.65131,-0.40356,-0.00696,0.64258
9297,-0.65131,-0.40289,-0.00696,0.64301
9308,-0.65125,-0.40216,-0.00690,0.64349
9317,-0.65131,-0.40149,-0.00659,0.64392
9328,-0.65137,-0.40094,-0.00604,0.64417
9337,-0.65143,-0.40070,-0.00531,0.64423
9348,-0.65149,-0.40070,-0.00446,0.64417
9358,-0.65155,-0.40082,-0.00360,0.64410
9367,-0.65161,-0.40088,-0.00293,0.64404
9378,-0.65161,-0.40094,-0.00256,0.64392
9387,-0.65179,-0.40094,-0.00250,0.64380
9398,-0.65204,-0.40088,-0.00275,0.64355
9408,-0.65222,-0.40094,-0.00323,0.64331
9418,-0.65234,-0.40112,-0.00354,0.64307
9428,-0.65234,-0.40112,-0.00348,0.64307
9437,-0.65222,-0.40094,-0.00311,0.64331
9448,-0.65204,-0.40076,-0.00256,0.64362
9457,-0.65179,-0.40082,-0.00189,0.64386
9467,-0.65149,-0.40137,-0.00128,0.64380
9478,-0.65118,-0.40234,-0.00061,0.64349
9487,-0.65094,-0.40356,0.00006,0.64301
9498,-0.65082,-0.40485,0.00049,0.64227
9508,-0.65082,-0.40607,0.00055,0.64154
9517,-0.65094,-0.40680,0.00049,0.64099
9528,-0.65112,-0.40686,0.00055,0.64075
9537,-0.65137,-0.40643,0.00073,0.64075
9548,-0.65173,-0.40582,0.00116,0.64075
9557,-0.65210,-0.40546,0.00165,0.64062
9568,-0.65240,-0.40546,0.00214,0.64032
9578,-0.65265,-0.40576,0.00250,0.63983
9587,-0.65277,-0.40625,0.00262,0.63940
9598,-0.65283,-0.40674,0.00256,0.63904
9607,-0.65271,-0.40729,0.00201,0.63879
9618,-0.65222,-0.40784,0.00116,0.63898
9627,-0.65149,-0.40851,0.00037,0.63928
9638,-0.65057,-0.40918,-0.00043,0.63977
9648,-0.64960,-0.40948,-0.00092,0.64056
9657,-0.64874,-0.40912,-0.00079,0.64172
9668,-0.64746,-0.40869,-0.00012,0.64325
9677,-0.64557,-0.40906,0.00110,0.64490
9688,-0.64307,-0.41083,0.00262,0.64624
9697,-0.64014,-0.41370,0.00427,0.64740
9707,-0.63678,-0.41681,0.00623,0.64868
9718,-0.63336,-0.41943,0.00848,0.65033
9727,-0.63025,-0.42126,0.01099,0.65210
9738,-0.62787,-0.42206,0.01343,0.65387
9747,-0.62585,-0.42212,0.01532,0.65570
9758,-0.62427,-0.42169,0.01697,0.65741
9767,-0.62335,-0.42120,0.01868,0.65857
9777,-0.62305,-0.42065,0.01996,0.65912
9788,-0.62360,-0.41974,0.02094,0.65918
9797,-0.62451,-0.41852,0.02142,0.65912
9808,-0.62543,-0.41693,0.02161,0.65918
9817,-0.62653,-0.41510,0.02185,0.65936
9828,-0.62756,-0.41309,0.02191,0.65961
9837,-0.62860,-0.41119,0.02216,0.65979
9847,-0.62976,-0.40942,0.02283,0.65973
9858,-0.63092,-0.40771,0.02374,0.65967
9867,-0.63208,-0.40613,0.02509,0.65948
9878,-0.63342,-0.40491,0.02692,0.65887
9887,-0.63501,-0.40405,0.02875,0.65784
9896,-0.63708,-0.40302,0.03027,0.65637
9907,-0.63953,-0.40149,0.03119,0.65491
9917,-0.64197,-0.39886,0.03149,0.65411
9928,-0.64429,-0.39508,0.03162,0.65411
9937,-0.64642,-0.39081,0.03186,0.65448
9948,-0.64874,-0.38678,0.03186,0.65460
9957,-0.65118,-0.38348,0.03113,0.65417
9967,-0.65350,-0.38110,0.02948,0.65332
9978,-0.65533,-0.37970,0.02765,0.65240
9987,-0.65649,-0.37848,0.02667,0.65192
9998,-0.65710,-0.37714,0.02692,0.65216
10007,-0.65729,-0.37567,0.02802,0.65277
10016,-0.65729,-0.37451,0.02930,0.65332
10027,-0.65704,-0.37384,0.03064,0.65393
10037,-0.65674,-0.37347,0.03204,0.65436
10048,-0.65656,-0.37347,0.03351,0.65448
10057,-0.65649,-0.37396,0.03467,0.65424
10066,-0.65668,-0.37482,0.03540,0.65350
10077,-0.65698,-0.37579,0.03540,0.65259
10087,-0.65723,-0.37634,0.03491,0.65210
10098,-0.65729,-0.37610,0.03442,0.65222
10107,-0.65723,-0.37506,0.03424,0.65283
10118,-0.65741,-0.37402,0.03400,0.65326
10127,-0.65784,-0.37347,0.03290,0.65320
10136,-0.65808,-0.37360,0.03156,0.65302
10147,-0.65778,-0.37274,0.03058,0.65381
10157,-0.65765,-0.37256,0.03088,0.65405
10168,-0.65784,-0.37305,0.03113,0.65356
10177,-0.65784,-0.37408,0.03119,0.65295
10186,-0.65771,-0.37482,0.03149,0.65265
10197,-0.65759,-0.37506,0.03204,0.65259
10206,-0.65759,-0.37482,0.03284,0.65271
10217,-0.65765,-0.37421,0.03375,0.65295
10227,-0.65790,-0.37360,0.03442,0.65302
10238,-0.65820,-0.37335,0.03442,0.65283
10247,-0.65857,-0.37341,0.03381,0.65247
10256,-0.65894,-0.37341,0.03296,0.65216
10267,-0.65930,-0.37311,0.03229,0.65198
10277,-0.65961,-0.37274,0.03186,0.65192
10288,-0.65979,-0.37262,0.03174,0.65179
10297,-0.65985,-0.37280,0.03210,0.65161
10306,-0.65991,-0.37323,0.03302,0.65125
10317,-0.65997,-0.37360,0.03418,0.65094
10326,-0.66003,-0.37360,0.03552,0.65082
10337,-0.66010,-0.37341,0.03668,0.65076
10347,-0.66034,-0.37329,0.03748,0.65057
10356,-0.66058,-0.37335,0.03784,0.65027
10367,-0.66095,-0.37335,0.03790,0.64984
10376,-0.66132,-0.37347,0.03778,0.64941
10387,-0.66168,-0.37372,0.03784,0.64893
10397,-0.66199,-0.37402,0.03827,0.64844
10407,-0.66211,-0.37402,0.03918,0.64819
10417,-0.66223,-0.37372,0.04053,0.64819
10426,-0.66229,-0.37329,0.04218,0.64832
10437,-0.66229,-0.37274,0.04395,0.64844
10446,-0.66235,-0.37213,0.04578,0.64868
10457,-0.66235,-0.37152,0.04742,0.64886
10467,-0.66248,-0.37128,0.04865,0.64880
10476,-0.66260,-0.37146,0.04919,0.64850
10487,-0.66266,-0.37195,0.04919,0.64819
10496,-0.66266,-0.37250,0.04919,0.64789
10507,-0.66254,-0.37299,0.04968,0.64771
10517,-0.66254,-0.37323,0.05115,0.64740
10526,-0.66278,-0.37360,0.05334,0.64679
10537,-0.66327,-0.37445,0.05591,0.64551
10546,-0.66394,-0.37604,0.05859,0.64368
10557,-0.66486,-0.37793,0.06128,0.64142
10566,-0.66589,-0.37976,0.06378,0.63898
10576,-0.66711,-0.38159,0.06604,0.63641
10587,-0.66840,-0.38312,0.06781,0.63391
10596,-0.66992,-0.38434,0.06915,0.63147
10607,-0.67169,-0.38507,0.06989,0.62903
10616,-0.67383,-0.38513,0.07013,0.62665
10627,-0.67627,-0.38422,0.06958,0.62463
10637,-0.67871,-0.38208,0.06848,0.62341
10646,-0.68091,-0.37848,0.06738,0.62341
10657,-0.68256,-0.37354,0.06696,0.62463
10666,-0.68372,-0.36792,0.06738,0.62659
10677,-0.68463,-0.36237,0.06842,0.62872
10686,-0.68549,-0.35760,0.06976,0.63037
10696,-0.68671,-0.35474,0.07153,0.63043
10707,-0.68939,-0.35419,0.07343,0.62762
10716,-0.69397,-0.35565,0.07416,0.62164
10727,-0.69940,-0.35840,0.07312,0.61407
10736,-0.70398,-0.36127,0.07141,0.60730
10746,-0.70685,-0.36310,0.07050,0.60297
10757,-0.70825,-0.36310,0.07159,0.60120
10766,-0.70898,-0.36090,0.07465,0.60126
10777,-0.70966,-0.35742,0.07880,0.60205
10786,-0.71094,-0.35376,0.08240,0.60217
10795,-0.71344,-0.35126,0.08398,0.60046
10806,-0.71661,-0.35071,0.08313,0.59717
10816,-0.71954,-0.35168,0.08038,0.59338
10827,-0.72174,-0.35339,0.07733,0.59015
10836,-0.72272,-0.35529,0.07489,0.58807
10847,-0.72314,-0.35657,0.07355,0.58698
10856,-0.72314,-0.35730,0.07275,0.58661
10866,-0.72296,-0.35742,0.07220,0.58685
10877,-0.72260,-0.35736,0.07190,0.58734
10886,-0.72235,-0.35736,0.07208,0.58765
10897,-0.72241,-0.35760,0.07257,0.58740
10906,-0.72260,-0.35809,0.07294,0.58685
10915,-0.72284,-0.35852,0.07294,0.58624
10926,-0.72308,-0.35858,0.07300,0.58594
10936,-0.72314,-0.35828,0.07312,0.58600
10947,-0.72314,-0.35760,0.07318,0.58636
10956,-0.72308,-0.35669,0.07318,0.58704
10967,-0.72296,-0.35577,0.07336,0.58771
10976,-0.72296,-0.35498,0.07391,0.58813
10986,-0.72308,-0.35431,0.07458,0.58832
10996,-0.72333,-0.35376,0.07513,0.58826
11006,-0.72351,-0.35321,0.07556,0.58826
11015,-0.72363,-0.35266,0.07593,0.58838
11026,-0.72363,-0.35223,0.07623,0.58862
11036,-0.72351,-0.35193,0.07635,0.58893
11047,-0.72327,-0.35187,0.07629,0.58929
11056,-0.72284,-0.35229,0.07593,0.58960
11065,-0.72241,-0.35321,0.07562,0.58966
11076,-0.72198,-0.35455,0.07550,0.58942
11085,-0.72156,-0.35626,0.07574,0.58881
11096,-0.72125,-0.35815,0.07611,0.58801
11106,-0.72089,-0.35986,0.07648,0.58740
11117,-0.72052,-0.36108,0.07690,0.58704
11126,-0.72028,-0.36176,0.07709,0.58685
11135,-0.72015,-0.36182,0.07690,0.58698
11146,-0.72015,-0.36139,0.07642,0.58728
11156,-0.72028,-0.36066,0.07556,0.58777
11167,-0.72046,-0.35968,0.07452,0.58826
11176,-0.72070,-0.35876,0.07343,0.58862
11185,-0.72095,-0.35797,0.07251,0.58893
11196,-0.72113,-0.35742,0.07190,0.58911
11205,-0.72113,-0.35736,0.07178,0.58917
11216,-0.72083,-0.35797,0.07196,0.58917
11226,-0.72034,-0.35913,0.07227,0.58905
11235,-0.71973,-0.36053,0.07269,0.58887
11246,-0.71912,-0.36194,0.07330,0.58862
11255,-0.71863,-0.36322,0.07367,0.58844
11266,-0.71820,-0.36414,0.07361,0.58832
11276,-0.71796,-0.36462,0.07318,0.58844
11285,-0.71771,-0.36487,0.07245,0.58862
11296,-0.71765,-0.36493,0.07166,0.58881
11305,-0.71759,-0.36499,0.07080,0.58893
11316,-0.71753,-0.36487,0.07019,0.58917
11326,-0.71729,-0.36481,0.06995,0.58954
11336,-0.71704,-0.36469,0.07013,0.58990
11346,-0.71686,-0.36462,0.07025,0.59015
11355,-0.71667,-0.36481,0.07001,0.59027
11366,-0.71643,-0.36511,0.06952,0.59045
11375,-0.71606,-0.36554,0.06909,0.59064
11386,-0.71576,-0.36597,0.06873,0.59082
11396,-0.71552,-0.36627,0.06836,0.59100
11405,-0.71515,-0.36658,0.06812,0.59125
11416,-0.71484,-0.36670,0.06799,0.59155
11425,-0.71448,-0.36688,0.06787,0.59186
11436,-0.71417,-0.36707,0.06781,0.59216
11445,-0.71381,-0.36731,0.06750,0.59247
11455,-0.71350,-0.36761,0.06702,0.59271
11466,-0.71313,-0.36786,0.06628,0.59302
11475,-0.71277,-0.36823,0.06555,0.59338
11486,-0.71240,-0.36865,0.06476,0.59363
11495,-0.71191,-0.36914,0.06396,0.59399
11505,-0.71143,-0.36963,0.06323,0.59436
11516,-0.71094,-0.36981,0.06262,0.59491
11525,-0.71051,-0.36969,0.06232,0.59552
11536,-0.71033,-0.36908,0.06219,0.59613
11545,-0.71051,-0.36816,0.06226,0.59650
11556,-0.71106,-0.36694,0.06238,0.59656
11566,-0.71185,-0.36542,0.06238,0.59656
11575,-0.71259,-0.36340,0.06244,0.59692
11586,-0.71320,-0.36078,0.06250,0.59778
11595,-0.71375,-0.35736,0.06256,0.59912
11606,-0.71417,-0.35345,0.06238,0.60101
11615,-0.71423,-0.34924,0.06207,0.60339
11625,-0.71405,-0.34509,0.06152,0.60608
11636,-0.71350,-0.34119,0.06061,0.60901
11645,-0.71252,-0.33771,0.05957,0.61218
11656,-0.71100,-0.33466,0.05896,0.61566
11665,-0.70911,-0.33228,0.05914,0.61908
11675,-0.70697,-0.33069,0.05988,0.62231
11686,-0.70477,-0.32990,0.06073,0.62518
11695,-0.70251,-0.32983,0.06140,0.62769
11706,-0.70020,-0.33112,0.06061,0.62958
11715,-0.69855,-0.33270,0.05841,0.63086
11726,-0.69672,-0.33417,0.05530,0.63232
11735,-0.69495,-0.33496,0.05280,0.63409
11745,-0.69330,-0.33496,0.05048,0.63611
11756,-0.69208,-0.33521,0.04767,0.63751
11765,-0.69141,-0.33600,0.04382,0.63806
11776,-0.69080,-0.33740,0.03912,0.63837
11785,-0.69000,-0.33899,0.03394,0.63867
11795,-0.68903,-0.34064,0.02869,0.63910
11806,-0.68744,-0.34229,0.02405,0.64014
11815,-0.68506,-0.34387,0.02045,0.64191
11826,-0.68231,-0.34546,0.01764,0.64410
11835,-0.67932,-0.34741,0.01477,0.64624
11844,-0.67633,-0.34991,0.01202,0.64807
11855,-0.67322,-0.35297,0.00964,0.64972
11865,-0.67029,-0.35657,0.00769,0.65076
11876,-0.66754,-0.36035,0.00598,0.65155
11885,-0.66492,-0.36420,0.00464,0.65216
11894,-0.66260,-0.36829,0.00397,0.65216
11905,-0.66058,-0.37268,0.00354,0.65173
11915,-0.65894,-0.37671,0.00330,0.65112
11925,-0.65759,-0.38007,0.00293,0.65051
11935,-0.65674,-0.38287,0.00177,0.64972
11946,-0.65631,-0.38519,-0.00079,0.64880
11955,-0.65601,-0.38715,-0.00464,0.64795
11964,-0.65546,-0.38824,-0.00861,0.64777
11975,-0.65472,-0.38861,-0.01172,0.64825
11985,-0.65393,-0.38849,-0.01367,0.64911
11996,-0.65308,-0.38812,-0.01465,0.65015
12005,-0.65216,-0.38837,-0.01459,0.65094
12014,-0.65125,-0.38989,-0.01373,0.65094
12025,-0.65051,-0.39276,-0.01263,0.64996
12034,-0.64996,-0.39667,-0.01160,0.64813
12045,-0.64954,-0.40082,-0.01050,0.64600
12055,-0.64911,-0.40448,-0.00952,0.64423
12066,-0.64856,-0.40710,-0.00873,0.64313
12075,-0.64807,-0.40875,-0.00812,0.64258
12084,-0.64783,-0.40942,-0.00775,0.64240
12095,-0.64783,-0.40936,-0.00769,0.64240
12105,-0.64825,-0.40863,-0.00793,0.64252
12115,-0.64886,-0.40747,-0.00824,0.64258
12125,-0.64978,-0.40625,-0.00818,0.64246
12134,-0.65088,-0.40509,-0.00769,0.64209
12145,-0.65210,-0.40393,-0.00690,0.64154
12154,-0.65320,-0.40289,-0.00604,0.64111
12165,-0.65411,-0.40179,-0.00531,0.64087
12175,-0.65472,-0.40070,-0.00470,0.64093
12185,-0.65515,-0.39996,-0.00446,0.64099
12195,-0.65540,-0.39966,-0.00470,0.64087
12204,-0.65564,-0.39996,-0.00555,0.64044
12215,-0.65570,-0.40051,-0.00653,0.64001
12224,-0.65558,-0.40112,-0.00696,0.63977
12235,-0.65540,-0.40167,-0.00647,0.63965
12244,-0.65527,-0.40204,-0.00519,0.63947
12255,-0.65546,-0.40210,-0.00354,0.63934
12265,-0.65588,-0.40161,-0.00195,0.63916
12274,-0.65662,-0.40045,-0.00092,0.63916
12285,-0.65753,-0.39880,-0.00037,0.63928
12294,-0.65839,-0.39691,-0.00018,0.63953
12305,-0.65918,-0.39526,-0.00024,0.63977
12315,-0.65979,-0.39410,-0.00031,0.63983
12324,-0.66016,-0.39374,-0.00024,0.63971
12335,-0.66028,-0.39404,-0.00018,0.63934
12344,-0.66010,-0.39496,-0.00006,0.63898
12355,-0.65973,-0.39612,0.00024,0.63867
12364,-0.65918,-0.39716,0.00085,0.63855
12375,-0.65857,-0.39807,0.00177,0.63867
12385,-0.65808,-0.39886,0.00299,0.63867
12394,-0.65784,-0.39954,0.00415,0.63843
12405,-0.65784,-0.40021,0.00519,0.63806
12414,-0.65802,-0.40063,0.00586,0.63751
12425,-0.65845,-0.40070,0.00616,0.63708
12435,-0.65894,-0.40027,0.00598,0.63684
12444,-0.65942,-0.39954,0.00537,0.63684
12455,-0.65991,-0.39850,0.00452,0.63696
12464,-0.66028,-0.39752,0.00378,0.63721
12475,-0.66064,-0.39673,0.00330,0.63733
12484,-0.66089,-0.39630,0.00317,0.63727
12494,-0.66101,-0.39636,0.00348,0.63715
12505,-0.66095,-0.39673,0.00409,0.63702
12514,-0.66077,-0.39734,0.00488,0.63678
12525,-0.66058,-0.39801,0.00555,0.63654
12535,-0.66052,-0.39856,0.00598,0.63629
12544,-0.66052,-0.39893,0.00616,0.63605
12555,-0.66058,-0.39899,0.00610,0.63593
12564,-0.66064,-0.39886,0.00574,0.63599
12575,-0.66071,-0.39856,0.00525,0.63605
12585,-0.66077,-0.39832,0.00488,0.63623
12594,-0.66071,-0.39825,0.00482,0.63629
12605,-0.66058,-0.39832,0.00507,0.63635
12614,-0.66046,-0.39856,0.00555,0.63635
12625,-0.66022,-0.39899,0.00604,0.63629
12634,-0.65991,-0.39948,0.00641,0.63635
12644,-0.65942,-0.39996,0.00653,0.63654
12655,-0.65875,-0.40057,0.00647,0.63684
12664,-0.65790,-0.40137,0.00647,0.63721
12675,-0.65668,-0.40247,0.00671,0.63782
12684,-0.65515,-0.40387,0.00739,0.63843
12694,-0.65332,-0.40588,0.00848,0.63904
12705,-0.65118,-0.40881,0.01019,0.63934
12714,-0.64880,-0.41260,0.01270,0.63928
12725,-0.64630,-0.41705,0.01611,0.63885
12734,-0.64417,-0.42194,0.02100,0.63770
12743,-0.64331,-0.42615,0.02783,0.63544
12754,-0.64429,-0.42810,0.03632,0.63269
12764,-0.64703,-0.42706,0.04547,0.63000
12775,-0.65106,-0.42377,0.05505,0.62732
12784,-0.65619,-0.41937,0.06360,0.62415
12795,-0.66217,-0.41504,0.06934,0.62006
12804,-0.66888,-0.41168,0.07074,0.61493
12814,-0.67578,-0.40936,0.06702,0.60938
12825,-0.68213,-0.40710,0.05945,0.60449
12834,-0.68750,-0.40393,0.05035,0.60138
12845,-0.69177,-0.39990,0.04187,0.59985
12854,-0.69495,-0.39539,0.03577,0.59955
12863,-0.69696,-0.39154,0.03271,0.59991
12874,-0.69788,-0.38922,0.03223,0.60040
12884,-0.69812,-0.38849,0.03296,0.60059
12895,-0.69806,-0.38928,0.03314,0.60010
12904,-0.69818,-0.39117,0.03186,0.59875
12913,-0.69891,-0.39355,0.02856,0.59650
12924,-0.70007,-0.39630,0.02344,0.59357
12934,-0.70105,-0.39948,0.01746,0.59052
12945,-0.70154,-0.40289,0.01251,0.58771
12954,-0.70184,-0.40552,0.01013,0.58557
12965,-0.70209,-0.40631,0.01086,0.58472
12974,-0.70251,-0.40472,0.01428,0.58521
12983,-0.70343,-0.40106,0.01904,0.58655
12994,-0.70496,-0.39624,0.02325,0.58783
13004,-0.70709,-0.39105,0.02612,0.58856
13015,-0.70972,-0.38580,0.02747,0.58887
13024,-0.71246,-0.38055,0.02747,0.58899
13033,-0.71466,-0.37549,0.02679,0.58954
13044,-0.71613,-0.37091,0.02643,0.59070
13053,-0.71680,-0.36700,0.02692,0.59229
13064,-0.71698,-0.36389,0.02808,0.59393
13074,-0.71704,-0.36194,0.02924,0.59497
13083,-0.71704,-0.36121,0.03009,0.59540
13094,-0.71698,-0.36151,0.03046,0.59528
13103,-0.71686,-0.36267,0.03033,0.59473
13114,-0.71661,-0.36456,0.02985,0.59381
13124,-0.71631,-0.36700,0.02887,0.59277
13133,-0.71576,-0.36963,0.02753,0.59192
13144,-0.71497,-0.37177,0.02643,0.59149
13153,-0.71436,-0.37280,0.02600,0.59167
13164,-0.71405,-0.37225,0.02612,0.59241
13174,-0.71387,-0.37042,0.02667,0.59369
13185,-0.71368,-0.36823,0.02753,0.59521
13194,-0.71338,-0.36621,0.02863,0.59680
13203,-0.71301,-0.36481,0.02966,0.59808
13214,-0.71265,-0.36401,0.03058,0.59888
13223,-0.71234,-0.36377,0.03119,0.59943
13234,-0.71185,-0.36389,0.03186,0.59985
13244,-0.71118,-0.36407,0.03296,0.60046
13253,-0.71033,-0.36456,0.03436,0.60114
13264,-0.70941,-0.36548,0.03589,0.60162
13273,-0.70856,-0.36670,0.03662,0.60181
13284,-0.70795,-0.36792,0.03632,0.60175
13294,-0.70746,-0.36896,0.03516,0.60181
13303,-0.70703,-0.36957,0.03369,0.60199
13314,-0.70673,-0.36987,0.03235,0.60223
13323,-0.70630,-0.37006,0.03149,0.60266
13334,-0.70575,-0.37030,0.03143,0.60321
13343,-0.70508,-0.37073,0.03192,0.60370
13353,-0.70428,-0.37152,0.03259,0.60413
13364,-0.70343,-0.37225,0.03308,0.60455
13373,-0.70270,-0.37286,0.03333,0.60504
13384,-0.70197,-0.37341,0.03345,0.60559
13393,-0.70135,-0.37378,0.03363,0.60602
13403,-0.70093,-0.37396,0.03400,0.60645
13414,-0.70044,-0.37396,0.03461,0.60693
13423,-0.69983,-0.37396,0.03540,0.60760
13434,-0.69910,-0.37433,0.03638,0.60815
13443,-0.69836,-0.37518,0.03723,0.60846
13454,-0.69757,-0.37653,0.03772,0.60846
13463,-0.69684,-0.37817,0.03784,0.60828
13473,-0.69604,-0.37988,0.03772,0.60809
13484,-0.69531,-0.38147,0.03735,0.60797
13493,-0.69452,-0.38287,0.03693,0.60809
13504,-0.69366,-0.38403,0.03656,0.60834
13513,-0.69281,-0.38513,0.03625,0.60864
13523,-0.69183,-0.38635,0.03595,0.60901
13534,-0.69073,-0.38763,0.03577,0.60944
13543,-0.68951,-0.38910,0.03546,0.60992
13554,-0.68817,-0.39062,0.03491,0.61041
13563,-0.68665,-0.39209,0.03394,0.61127
13573,-0.68469,-0.39355,0.03235,0.61267
13584,-0.68201,-0.39490,0.03009,0.61481
13593,-0.67859,-0.39600,0.02710,0.61810
13604,-0.67426,-0.39655,0.02393,0.62256
13613,-0.66931,-0.39648,0.02100,0.62805
13623,-0.66412,-0.39563,0.01880,0.63409
13634,-0.65942,-0.39417,0.01776,0.63989
13643,-0.65552,-0.39227,0.01801,0.64508
13654,-0.65240,-0.39020,0.01947,0.64948
13663,-0.65009,-0.38800,0.02148,0.65302
13672,-0.64850,-0.38556,0.02344,0.65594
13683,-0.64722,-0.38318,0.02472,0.65857
13693,-0.64594,-0.38153,0.02521,0.66077
13704,-0.64465,-0.38129,0.02551,0.66217
13713,-0.64331,-0.38281,0.02637,0.66254
13724,-0.64233,-0.38525,0.02808,0.66199
13733,-0.64197,-0.38715,0.03052,0.66113
13743,-0.64233,-0.38727,0.03357,0.66058
13754,-0.64325,-0.38495,0.03680,0.66083
13763,-0.64435,-0.38074,0.03986,0.66205
13774,-0.64532,-0.37585,0.04272,0.66364
13783,-0.64624,-0.37152,0.04553,0.66504
13792,-0.64709,-0.36865,0.04828,0.66565
13803,-0.64807,-0.36810,0.05109,0.66473
13813,-0.64948,-0.37006,0.05359,0.66211
13824,-0.65137,-0.37384,0.05566,0.65796
13833,-0.65356,-0.37830,0.05756,0.65302
13842,-0.65594,-0.38208,0.05951,0.64825
13853,-0.65820,-0.38440,0.06177,0.64435
13863,-0.66040,-0.38483,0.06445,0.64160
13874,-0.66278,-0.38306,0.06726,0.63989
13883,-0.66565,-0.37933,0.06940,0.63892
13892,-0.66876,-0.37433,0.07043,0.63849
13903,-0.67181,-0.36884,0.07043,0.63849
13912,-0.67468,-0.36346,0.06995,0.63867
13923,-0.67725,-0.35876,0.06927,0.63861
13933,-0.67963,-0.35529,0.06873,0.63812
13944,-0.68152,-0.35358,0.06854,0.63702
13953,-0.68280,-0.35406,0.06891,0.63538
13962,-0.68341,-0.35663,0.06989,0.63318
13973,-0.68347,-0.36053,0.07123,0.63074
13983,-0.68335,-0.36487,0.07263,0.62823
13994,-0.68311,-0.36896,0.07373,0.62598
14003,-0.68280,-0.37238,0.07434,0.62415
14012,-0.68262,-0.37488,0.07458,0.62280
14023,-0.68262,-0.37640,0.07458,0.62195
14032,-0.68268,-0.37695,0.07440,0.62152
14044,-0.68298,-0.37671,0.07397,0.62146
14053,-0.68329,-0.37592,0.07361,0.62164
14062,-0.68353,-0.37482,0.07349,0.62201
14073,-0.68384,-0.37378,0.07373,0.62231
14083,-0.68408,-0.37311,0.07422,0.62238
14092,-0.68427,-0.37286,0.07483,0.62225
14103,-0.68439,-0.37311,0.07562,0.62189
14112,-0.68451,-0.37347,0.07635,0.62140
14123,-0.68475,-0.37396,0.07697,0.62079
14133,-0.68494,-0.37439,0.07745,0.62024
14142,-0.68518,-0.37469,0.07770,0.61981
14153,-0.68536,-0.37488,0.07764,0.61945
14162,-0.68555,-0.37488,0.07739,0.61932
14173,-0.68555,-0.37476,0.07703,0.61938
14182,-0.68555,-0.37457,0.07672,0.61957
14193,-0.68549,-0.37421,0.07642,0.61987
14203,-0.68536,-0.37384,0.07623,0.62024
14212,-0.68530,-0.37347,0.07611,0.62054
14223,-0.68530,-0.37335,0.07599,0.62073
14232,-0.68524,-0.37347,0.07593,0.62067
14243,-0.68512,-0.37402,0.07599,0.62048
14253,-0.68506,-0.37476,0.07617,0.62012
14262,-0.68494,-0.37561,0.07629,0.61969
14273,-0.68481,-0.37653,0.07648,0.61920
14282,-0.68475,-0.37738,0.07648,0.61877
14293,-0.68463,-0.37805,0.07635,0.61847
14302,-0.68457,-0.37842,0.07617,0.61835
14312,-0.68457,-0.37836,0.07599,0.61841
14323,-0.68445,-0.37799,0.07587,0.61877
14332,-0.68427,-0.37744,0.07605,0.61932
14343,-0.68414,-0.37671,0.07629,0.61987
14352,-0.68402,-0.37604,0.07642,0.62036
14362,-0.68396,-0.37549,0.07635,0.62079
14373,-0.68384,-0.37500,0.07629,0.62122
14382,-0.68359,-0.37463,0.07635,0.62170
14393,-0.68335,-0.37433,0.07654,0.62213
14402,-0.68317,-0.37415,0.07684,0.62244
14412,-0.68304,-0.37384,0.07715,0.62268
14423,-0.68292,-0.37354,0.07751,0.62299
14432,-0.68292,-0.37299,0.07782,0.62329
14443,-0.68298,-0.37231,0.07788,0.62360
14452,-0.68311,-0.37146,0.07788,0.62396
14463,-0.68329,-0.37054,0.07788,0.62433
14472,-0.68341,-0.36957,0.07770,0.62476
14482,-0.68353,-0.36871,0.07733,0.62518
14493,-0.68359,-0.36780,0.07678,0.62573
14502,-0.68359,-0.36688,0.07629,0.62634
14513,-0.68353,-0.36603,0.07587,0.62695
14522,-0.68359,-0.36517,0.07526,0.62750
14532,-0.68390,-0.36395,0.07434,0.62793
14543,-0.68469,-0.36237,0.07312,0.62817
14552,-0.68597,-0.36011,0.07117,0.62830
14563,-0.68750,-0.35736,0.06812,0.62854
14572,-0.68884,-0.35443,0.06415,0.62915
14582,-0.68970,-0.35150,0.05945,0.63025
14592,-0.69006,-0.34827,0.05457,0.63214
14602,-0.69000,-0.34460,0.05023,0.63452
14613,-0.68976,-0.34058,0.04694,0.63721
14622,-0.68939,-0.33655,0.04498,0.63989
14631,-0.68872,-0.33282,0.04395,0.64264
14642,-0.68750,-0.32935,0.04346,0.64575
14652,-0.68567,-0.32623,0.04333,0.64929
14663,-0.68365,-0.32367,0.04303,0.65265
14672,-0.68182,-0.32190,0.04199,0.65558
14683,-0.68030,-0.32062,0.04028,0.65784
14692,-0.67944,-0.31940,0.03821,0.65942
14702,-0.67902,-0.31738,0.03546,0.66107
14712,-0.67834,-0.31396,0.03186,0.66351
14722,-0.67688,-0.30963,0.02832,0.66724
14733,-0.67444,-0.30560,0.02600,0.67163
14742,-0.67200,-0.30243,0.02515,0.67554
14751,-0.67029,-0.30023,0.02478,0.67828
14762,-0.66949,-0.29907,0.02405,0.67957
14772,-0.66931,-0.29907,0.02258,0.67975
14783,-0.66931,-0.29980,0.02051,0.67950
14792,-0.66937,-0.30109,0.01837,0.67896
14801,-0.66943,-0.30273,0.01654,0.67822
14812,-0.66937,-0.30475,0.01526,0.67737
14821,-0.66907,-0.30695,0.01471,0.67670
14832,-0.66858,-0.30902,0.01508,0.67627
14842,-0.66791,-0.31067,0.01624,0.67609
14853,-0.66754,-0.31183,0.01819,0.67590
14862,-0.66754,-0.31250,0.02039,0.67554
14871,-0.66797,-0.31281,0.02246,0.67487
14882,-0.66888,-0.31305,0.02380,0.67383
14892,-0.67004,-0.31348,0.02423,0.67249
14902,-0.67139,-0.31396,0.02393,0.67090
14912,-0.67279,-0.31421,0.02319,0.66943
14921,-0.67407,-0.31427,0.02240,0.66809
14932,-0.67517,-0.31445,0.02191,0.66687
14941,-0.67615,-0.31488,0.02203,0.66571
14952,-0.67688,-0.31549,0.02277,0.66467
14962,-0.67755,-0.31592,0.02411,0.66376
14973,-0.67810,-0.31641,0.02570,0.66290
14982,-0.67865,-0.31714,0.02704,0.66193
14991,-0.67908,-0.31805,0.02783,0.66101
15002,-0.67950,-0.31903,0.02814,0.66010
15011,-0.67975,-0.31995,0.02795,0.65942
15022,-0.67999,-0.32068,0.02753,0.65881
15032,-0.68042,-0.32123,0.02692,0.65814
15041,-0.68103,-0.32147,0.02637,0.65741
15052,-0.68170,-0.32147,0.02612,0.65674
15061,-0.68225,-0.32117,0.02643,0.65631
15072,-0.68262,-0.32086,0.02734,0.65601
15082,-0.68286,-0.32092,0.02869,0.65564
15092,-0.68311,-0.32159,0.02991,0.65503
15102,-0.68317,-0.32300,0.03082,0.65424
15111,-0.68311,-0.32483,0.03143,0.65338
15122,-0.68280,-0.32672,0.03174,0.65271
15131,-0.68256,-0.32819,0.03186,0.65222
15142,-0.68237,-0.32904,0.03180,0.65204
15152,-0.68243,-0.32904,0.03131,0.65204
15162,-0.68256,-0.32825,0.03052,0.65228
15172,-0.68280,-0.32690,0.02972,0.65271
15181,-0.68311,-0.32532,0.02917,0.65320
15192,-0.68341,-0.32404,0.02887,0.65350
15201,-0.68359,-0.32336,0.02881,0.65369
15212,-0.68365,-0.32336,0.02899,0.65363
15222,-0.68365,-0.32391,0.02924,0.65338
15231,-0.68359,-0.32458,0.02954,0.65302
15242,-0.68359,-0.32532,0.02985,0.65271
15251,-0.68365,-0.32581,0.03009,0.65240
15262,-0.68384,-0.32605,0.03009,0.65204
15271,-0.68420,-0.32593,0.03003,0.65173
15281,-0.68457,-0.32556,0.02979,0.65149
15292,-0.68506,-0.32495,0.02960,0.65137
15301,-0.68549,-0.32416,0.02942,0.65131
15312,-0.68591,-0.32330,0.02930,0.65131
15321,-0.68622,-0.32251,0.02936,0.65131
15332,-0.68658,-0.32196,0.02972,0.65125
15342,-0.68695,-0.32147,0.03027,0.65106
15351,-0.68732,-0.32117,0.03082,0.65082
15362,-0.68762,-0.32098,0.03137,0.65051
15372,-0.68793,-0.32098,0.03198,0.65015
15381,-0.68817,-0.32086,0.03265,0.64990
15392,-0.68842,-0.32062,0.03345,0.64978
15401,-0.68866,-0.32007,0.03430,0.64972
15411,-0.68896,-0.31927,0.03491,0.64978
15422,-0.68921,-0.31824,0.03510,0.65002
15431,-0.68939,-0.31714,0.03485,0.65039
15441,-0.68945,-0.31616,0.03412,0.65082
15452,-0.68945,-0.31525,0.03302,0.65131
15461,-0.68939,-0.31451,0.03180,0.65186
15472,-0.68927,-0.31378,0.03052,0.65234
15481,-0.68927,-0.31262,0.02905,0.65295
15492,-0.68939,-0.31073,0.02722,0.65381
15501,-0.68958,-0.30768,0.02441,0.65515
15511,-0.68939,-0.30359,0.02032,0.65741
15522,-0.68854,-0.29865,0.01483,0.66064
15531,-0.68683,-0.29364,0.00824,0.66479
15542,-0.68433,-0.28949,0.00104,0.66925
15551,-0.68140,-0.28711,-0.00623,0.67322
15561,-0.67847,-0.28711,-0.01294,0.67609
15572,-0.67578,-0.28906,-0.01862,0.67780
15581,-0.67322,-0.29224,-0.02289,0.67889
15592,-0.67065,-0.29620,-0.02539,0.67957
15601,-0.66821,-0.29993,-0.02655,0.68036
15611,-0.66577,-0.30249,-0.02661,0.68158
15622,-0.66333,-0.30371,-0.02551,0.68347
15631,-0.66101,-0.30353,-0.02380,0.68579
15642,-0.65906,-0.30231,-0.02234,0.68835
15651,-0.65723,-0.30084,-0.02173,0.69073
15660,-0.65533,-0.29987,-0.02173,0.69293
15671,-0.65332,-0.30035,-0.02155,0.69464
15681,-0.65125,-0.30255,-0.02087,0.69568
15692,-0.64923,-0.30609,-0.01996,0.69604
15701,-0.64716,-0.30994,-0.01880,0.69629
15712,-0.64490,-0.31335,-0.01733,0.69690
15721,-0.64258,-0.31635,-0.01508,0.69775
15730,-0.64050,-0.31897,-0.01221,0.69849
15741,-0.63873,-0.32117,-0.00940,0.69916
15751,-0.63696,-0.32349,-0.00690,0.69971
15762,-0.63519,-0.32648,-0.00470,0.69995
15771,-0.63361,-0.33002,-0.00287,0.69971
15780,-0.63239,-0.33386,-0.00159,0.69904
15791,-0.63141,-0.33734,-0.00085,0.69824
15800,-0.63074,-0.34021,-0.00031,0.69745
15811,-0.63031,-0.34216,0.00018,0.69690
15821,-0.63025,-0.34296,0.00073,0.69653
15832,-0.63037,-0.34290,0.00134,0.69647
15841,-0.63062,-0.34216,0.00220,0.69659
15850,-0.63098,-0.34119,0.00317,0.69672
15861,-0.63153,-0.34039,0.00415,0.69666
15870,-0.63214,-0.33997,0.00525,0.69629
15881,-0.63275,-0.33966,0.00647,0.69586
15891,-0.63330,-0.33954,0.00781,0.69537
15902,-0.63385,-0.33948,0.00928,0.69495
15911,-0.63434,-0.33954,0.01068,0.69446
15920,-0.63477,-0.33966,0.01184,0.69397
15931,-0.63507,-0.33972,0.01270,0.69360
15940,-0.63531,-0.33960,0.01337,0.69348
15951,-0.63544,-0.33948,0.01385,0.69336
15961,-0.63556,-0.33929,0.01422,0.69336
15970,-0.63562,-0.33923,0.01459,0.69336
15981,-0.63568,-0.33911,0.01501,0.69330
15990,-0.63574,-0.33911,0.01544,0.69330
16001,-0.63580,-0.33911,0.01575,0.69318
16010,-0.63586,-0.33929,0.01587,0.69305
16021,-0.63599,-0.33954,0.01599,0.69281
16031,-0.63611,-0.33984,0.01617,0.69257
16040,-0.63623,-0.34009,0.01648,0.69232
16051,-0.63635,-0.34039,0.01685,0.69202
16060,-0.63654,-0.34064,0.01721,0.69177
16071,-0.63672,-0.34064,0.01746,0.69159
16080,-0.63690,-0.34039,0.01746,0.69153
16091,-0.63708,-0.34009,0.01721,0.69147
16101,-0.63727,-0.33978,0.01660,0.69153
16110,-0.63733,-0.33954,0.01581,0.69159
16121,-0.63727,-0.33942,0.01508,0.69171
16130,-0.63715,-0.33948,0.01453,0.69183
16141,-0.63696,-0.33966,0.01440,0.69189
16151,-0.63678,-0.33997,0.01459,0.69189
16160,-0.63660,-0.34021,0.01508,0.69189
16171,-0.63647,-0.34052,0.01569,0.69189
16180,-0.63629,-0.34082,0.01636,0.69189
16191,-0.63617,-0.34113,0.01703,0.69183
16200,-0.63593,-0.34155,0.01764,0.69183
16210,-0.63568,-0.34204,0.01837,0.69183
16221,-0.63525,-0.34259,0.01929,0.69189
16230,-0.63470,-0.34314,0.02051,0.69214
16241,-0.63397,-0.34344,0.02240,0.69257
16250,-0.63318,-0.34357,0.02484,0.69318
16261,-0.63239,-0.34338,0.02783,0.69385
16270,-0.63165,-0.34320,0.03131,0.69446
16280,-0.63104,-0.34308,0.03503,0.69489
16291,-0.63055,-0.34320,0.03870,0.69507
16300,-0.63013,-0.34406,0.04169,0.69489
16311,-0.62976,-0.34589,0.04358,0.69415
16320,-0.62946,-0.34882,0.04395,0.69293
16331,-0.62891,-0.35205,0.04327,0.69183
16340,-0.62811,-0.35437,0.04254,0.69147
16350,-0.62695,-0.35480,0.04266,0.69226
16361,-0.62567,-0.35315,0.04413,0.69421
16370,-0.62433,-0.35034,0.04688,0.69659
16381,-0.62323,-0.34741,0.05029,0.69885
16390,-0.62225,-0.34509,0.05402,0.70056
16400,-0.62146,-0.34412,0.05792,0.70142
16411,-0.62079,-0.34503,0.06213,0.70123
16420,-0.62048,-0.34851,0.06586,0.69946
16431,-0.62097,-0.35413,0.06787,0.69598
16440,-0.62183,-0.36102,0.06781,0.69171
16451,-0.62231,-0.36694,0.06763,0.68817
16460,-0.62250,-0.37024,0.06885,0.68604
16470,-0.62280,-0.37079,0.07166,0.68524
16480,-0.62317,-0.36993,0.07538,0.68494
16490,-0.62347,-0.36938,0.07910,0.68451
16501,-0.62390,-0.37018,0.08203,0.68335
16510,-0.62457,-0.37274,0.08276,0.68127
16521,-0.62573,-0.37726,0.07971,0.67810
16530,-0.62695,-0.38306,0.07275,0.67450
16540,-0.62732,-0.38861,0.06427,0.67181
16551,-0.62695,-0.39264,0.05652,0.67047
16560,-0.62640,-0.39471,0.05054,0.67029
16571,-0.62579,-0.39502,0.04651,0.67096
16580,-0.62537,-0.39447,0.04401,0.67188
16589,-0.62512,-0.39392,0.04236,0.67255
16600,-0.62488,-0.39355,0.04144,0.67297
16610,-0.62469,-0.39355,0.04102,0.67322
16621,-0.62457,-0.39355,0.04071,0.67328
16630,-0.62469,-0.39343,0.04047,0.67334
16639,-0.62494,-0.39282,0.04010,0.67346
16650,-0.62524,-0.39178,0.03967,0.67383
16660,-0.62561,-0.39032,0.03925,0.67438
16671,-0.62604,-0.38855,0.03906,0.67499
16680,-0.62653,-0.38666,0.03888,0.67566
16691,-0.62689,-0.38489,0.03882,0.67627
16700,-0.62720,-0.38367,0.03900,0.67670
16709,-0.62732,-0.38300,0.03937,0.67694
16720,-0.62732,-0.38293,0.03986,0.67700
16730,-0.62714,-0.38336,0.04053,0.67682
16741,-0.62695,-0.38397,0.04120,0.67664
16750,-0.62689,-0.38440,0.04187,0.67639
16759,-0.62695,-0.38452,0.04236,0.67621
16770,-0.62708,-0.38440,0.04266,0.67615
16779,-0.62732,-0.38397,0.04297,0.67621
16790,-0.62756,-0.38342,0.04321,0.67627
16800,-0.62781,-0.38306,0.04346,0.67621
16811,-0.62805,-0.38300,0.04364,0.67603
16820,-0.62830,-0.38312,0.04382,0.67572
16829,-0.62854,-0.38330,0.04388,0.67535
16840,-0.62878,-0.38342,0.04382,0.67505
16849,-0.62903,-0.38336,0.04370,0.67487
16860,-0.62921,-0.38312,0.04352,0.67487
16870,-0.62939,-0.38281,0.04327,0.67487
16879,-0.62952,-0.38257,0.04297,0.67493
16890,-0.62952,-0.38245,0.04254,0.67499
16899,-0.62952,-0.38251,0.04218,0.67505
16910,-0.62939,-0.38269,0.04205,0.67499
16919,-0.62946,-0.38312,0.04211,0.67474
16930,-0.62958,-0.38342,0.04236,0.67438
16940,-0.62988,-0.38367,0.04254,0.67401
16949,-0.63019,-0.38373,0.04254,0.67365
16960,-0.63062,-0.38336,0.04248,0.67346
16969,-0.63110,-0.38257,0.04242,0.67346
16980,-0.63165,-0.38147,0.04230,0.67365
16989,-0.63214,-0.38013,0.04230,0.67389
17000,-0.63263,-0.37891,0.04224,0.67407
17010,-0.63300,-0.37805,0.04224,0.67426
17019,-0.63330,-0.37750,0.04224,0.67426
17030,-0.63348,-0.37732,0.04230,0.67419
17039,-0.63354,-0.37738,0.04242,0.67413
17050,-0.63336,-0.37781,0.04260,0.67401
17060,-0.63312,-0.37860,0.04279,0.67383
17069,-0.63275,-0.37970,0.04315,0.67352
17080,-0.63245,-0.38098,0.04370,0.67303
17089,-0.63208,-0.38257,0.04456,0.67242
17100,-0.63165,-0.38446,0.04565,0.67163
17110,-0.63129,-0.38666,0.04706,0.67065
17119,-0.63098,-0.38928,0.04865,0.66931
17130,-0.63074,-0.39221,0.05035,0.66772
17139,-0.63055,-0.39545,0.05231,0.66577
17150,-0.63062,-0.39899,0.05469,0.66345
17159,-0.63116,-0.40259,0.05780,0.66046
17169,-0.63263,-0.40576,0.06158,0.65680
17180,-0.63544,-0.40796,0.06561,0.65228
17189,-0.63953,-0.40845,0.06927,0.64758
17200,-0.64447,-0.40686,0.07233,0.64337
17209,-0.64978,-0.40326,0.07483,0.64001
17220,-0.65497,-0.39850,0.07709,0.63745
17229,-0.65967,-0.39331,0.07928,0.63556
17239,-0.66357,-0.38849,0.08179,0.63409
17250,-0.66699,-0.38464,0.08478,0.63245
17259,-0.67047,-0.38184,0.08807,0.63000
17270,-0.67462,-0.37994,0.09137,0.62622
17279,-0.67950,-0.37885,0.09406,0.62128
17289,-0.68469,-0.37823,0.09558,0.61566
17299,-0.68964,-0.37811,0.09601,0.61017
17309,-0.69403,-0.37823,0.09528,0.60516
17320,-0.69794,-0.37830,0.09338,0.60089
17329,-0.70129,-0.37811,0.09027,0.59760
17340,-0.70392,-0.37701,0.08636,0.59576
17349,-0.70593,-0.37469,0.08252,0.59540
17359,-0.70746,-0.37134,0.07935,0.59613
17370,-0.70868,-0.36768,0.07697,0.59723
17379,-0.70959,-0.36456,0.07520,0.59827
17390,-0.71027,-0.36249,0.07361,0.59894
17399,-0.71045,-0.36163,0.07202,0.59943
17408,-0.71002,-0.36194,0.07068,0.59991
17419,-0.70911,-0.36328,0.06976,0.60034
17429,-0.70789,-0.36511,0.06927,0.60071
17440,-0.70648,-0.36707,0.06903,0.60120
17449,-0.70496,-0.36884,0.06903,0.60187
17460,-0.70343,-0.37018,0.06909,0.60278
17469,-0.70203,-0.37115,0.06909,0.60388
17479,-0.70074,-0.37164,0.06891,0.60504
17489,-0.69983,-0.37183,0.06854,0.60608
17499,-0.69916,-0.37189,0.06793,0.60687
17510,-0.69867,-0.37195,0.06708,0.60748
17519,-0.69812,-0.37219,0.06628,0.60803
17528,-0.69751,-0.37274,0.06586,0.60846
17539,-0.69696,-0.37329,0.06573,0.60876
17549,-0.69653,-0.37372,0.06567,0.60901
17560,-0.69617,-0.37390,0.06555,0.60931
17569,-0.69586,-0.37396,0.06519,0.60968
17580,-0.69556,-0.37402,0.06458,0.61005
17589,-0.69525,-0.37396,0.06360,0.61060
17598,-0.69482,-0.37390,0.06256,0.61115
17609,-0.69446,-0.37390,0.06171,0.61163
17619,-0.69427,-0.37396,0.06091,0.61194
17630,-0.69409,-0.37415,0.06036,0.61212
17639,-0.69385,-0.37427,0.06018,0.61230
17649,-0.69360,-0.37439,0.06030,0.61249
17660,-0.69348,-0.37445,0.06036,0.61261
17669,-0.69330,-0.37445,0.06030,0.61279
17679,-0.69305,-0.37445,0.06006,0.61310
17690,-0.69287,-0.37445,0.05975,0.61334
17699,-0.69263,-0.37451,0.05945,0.61365
17708,-0.69238,-0.37469,0.05914,0.61383
17719,-0.69214,-0.37518,0.05884,0.61377
17729,-0.69202,-0.37598,0.05859,0.61346
17738,-0.69189,-0.37683,0.05853,0.61310
17749,-0.69177,-0.37762,0.05865,0.61273
17759,-0.69171,-0.37817,0.05902,0.61243
17768,-0.69153,-0.37848,0.05939,0.61237
17779,-0.69147,-0.37866,0.05975,0.61237
17789,-0.69141,-0.37866,0.05988,0.61237
17798,-0.69153,-0.37848,0.05975,0.61237
17809,-0.69177,-0.37805,0.05939,0.61243
17818,-0.69189,-0.37756,0.05902,0.61261
17830,-0.69189,-0.37732,0.05878,0.61279
17839,-0.69189,-0.37726,0.05859,0.61285
17848,-0.69183,-0.37744,0.05841,0.61279
17859,-0.69183,-0.37775,0.05823,0.61261
17869,-0.69183,-0.37799,0.05780,0.61249
17878,-0.69189,-0.37817,0.05707,0.61237
17889,-0.69196,-0.37842,0.05573,0.61237
17899,-0.69171,-0.37866,0.05371,0.61261
17908,-0.69116,-0.37915,0.05103,0.61316
17919,-0.69019,-0.38007,0.04767,0.61395
17929,-0.68890,-0.38153,0.04395,0.61481
17938,-0.68738,-0.38354,0.03998,0.61548
17949,-0.68585,-0.38586,0.03601,0.61597
17959,-0.68433,-0.38800,0.03235,0.61652
17968,-0.68298,-0.38916,0.02966,0.61743
17979,-0.68188,-0.38885,0.02832,0.61890
17988,-0.68127,-0.38702,0.02808,0.62073
17998,-0.68091,-0.38434,0.02802,0.62280
18009,-0.68042,-0.38153,0.02789,0.62506
18018,-0.67975,-0.37903,0.02765,0.62732
18028,-0.67889,-0.37726,0.02710,0.62933
18039,-0.67798,-0.37665,0.02618,0.63074
18048,-0.67725,-0.37714,0.02466,0.63129
18059,-0.67682,-0.37775,0.02252,0.63141
18069,-0.67670,-0.37781,0.02026,0.63159
18078,-0.67682,-0.37646,0.01868,0.63232
18089,-0.67694,-0.37341,0.01849,0.63403
18099,-0.67694,-0.36914,0.02032,0.63641
18108,-0.67706,-0.36450,0.02368,0.63892
18119,-0.67731,-0.36011,0.02771,0.64093
18128,-0.67792,-0.35657,0.03180,0.64215
18138,-0.67877,-0.35461,0.03564,0.64209
18149,-0.68005,-0.35406,0.03925,0.64081
18158,-0.68170,-0.35419,0.04303,0.63879
18168,-0.68353,-0.35406,0.04724,0.63660
18179,-0.68542,-0.35358,0.05182,0.63446
18188,-0.68719,-0.35266,0.05658,0.63263
18198,-0.68872,-0.35126,0.06122,0.63135
18209,-0.68988,-0.34949,0.06549,0.63055
18218,-0.69086,-0.34760,0.06915,0.63019
18229,-0.69171,-0.34595,0.07208,0.62982
18238,-0.69269,-0.34454,0.07416,0.62927
18248,-0.69385,-0.34338,0.07507,0.62848
18259,-0.69501,-0.34277,0.07501,0.62756
18268,-0.69617,-0.34271,0.07446,0.62640
18279,-0.69727,-0.34296,0.07367,0.62512
18288,-0.69836,-0.34320,0.07281,0.62384
18299,-0.69928,-0.34326,0.07214,0.62286
18308,-0.69989,-0.34326,0.07190,0.62225
18318,-0.70013,-0.34320,0.07196,0.62195
18328,-0.70013,-0.34326,0.07202,0.62195
18338,-0.69989,-0.34351,0.07178,0.62213
18349,-0.69946,-0.34393,0.07111,0.62244
18358,-0.69885,-0.34448,0.06989,0.62299
18369,-0.69818,-0.34473,0.06836,0.62378
18378,-0.69739,-0.34473,0.06708,0.62476
18387,-0.69666,-0.34454,0.06622,0.62579
18398,-0.69586,-0.34436,0.06580,0.62677
18408,-0.69519,-0.34442,0.06573,0.62756
18419,-0.69440,-0.34473,0.06580,0.62823
18428,-0.69354,-0.34521,0.06604,0.62891
18439,-0.69257,-0.34589,0.06641,0.62952
18448,-0.69171,-0.34680,0.06683,0.62988
18457,-0.69104,-0.34778,0.06726,0.63007
18468,-0.69055,-0.34882,0.06744,0.63000
18478,-0.69025,-0.34985,0.06757,0.62982
18488,-0.69006,-0.35071,0.06769,0.62946
18498,-0.68994,-0.35138,0.06769,0.62921
18509,-0.68988,-0.35193,0.06757,0.62903
18518,-0.68976,-0.35229,0.06714,0.62897
18527,-0.68970,-0.35260,0.06641,0.62897
18538,-0.68970,-0.35278,0.06543,0.62891
18547,-0.68976,-0.35291,0.06427,0.62897
18558,-0.68976,-0.35297,0.06329,0.62903
18568,-0.68982,-0.35297,0.06256,0.62903
18579,-0.68994,-0.35315,0.06207,0.62885
18588,-0.69012,-0.35358,0.06158,0.62848
18598,-0.69031,-0.35413,0.06104,0.62799
18607,-0.69055,-0.35455,0.06024,0.62756
18618,-0.69073,-0.35474,0.05945,0.62732
18628,-0.69086,-0.35449,0.05872,0.62738
18637,-0.69098,-0.35370,0.05835,0.62769
18648,-0.69116,-0.35272,0.05829,0.62811
18658,-0.69128,-0.35168,0.05841,0.62848
18668,-0.69147,-0.35083,0.05865,0.62878
18678,-0.69159,-0.35028,0.05896,0.62897
18687,-0.69165,-0.35016,0.05933,0.62891
18698,-0.69153,-0.35046,0.05969,0.62878
18708,-0.69135,-0.35114,0.06012,0.62866
18717,-0.69080,-0.35211,0.06049,0.62860
18728,-0.69000,-0.35327,0.06110,0.62878
18738,-0.68909,-0.35480,0.06189,0.62891
18747,-0.68805,-0.35669,0.06268,0.62885
18758,-0.68689,-0.35907,0.06342,0.62866
18768,-0.68561,-0.36200,0.06409,0.62830
18777,-0.68420,-0.36560,0.06482,0.62775
18788,-0.68280,-0.36975,0.06586,0.62671
18797,-0.68170,-0.37433,0.06726,0.62500
18807,-0.68103,-0.37915,0.06915,0.62268
18818,-0.68073,-0.38403,0.07190,0.61969
18827,-0.68079,-0.38892,0.07599,0.61603
18838,-0.68109,-0.39398,0.08185,0.61176
18848,-0.68164,-0.39905,0.08936,0.60675
18857,-0.68250,-0.40381,0.09808,0.60132
18868,-0.68353,-0.40790,0.10736,0.59576
18878,-0.68488,-0.41077,0.11639,0.59045
18887,-0.68652,-0.41156,0.12402,0.58643
18898,-0.68835,-0.40955,0.12939,0.58453
18908,-0.69049,-0.40479,0.13251,0.58472
18917,-0.69318,-0.39813,0.13367,0.58582
18928,-0.69843,-0.39050,0.13281,0.58490
18938,-0.70636,-0.38373,0.12823,0.58081
18947,-0.71533,-0.37939,0.12030,0.57434
18958,-0.72327,-0.37781,0.11133,0.56726
18967,-0.72833,-0.37891,0.10333,0.56152
18977,-0.73047,-0.38153,0.09741,0.55798
18988,-0.73102,-0.38409,0.09265,0.55634
18997,-0.73102,-0.38525,0.08783,0.55640
19007,-0.73077,-0.38440,0.08228,0.55811
19018,-0.73029,-0.38147,0.07654,0.56152
19027,-0.72961,-0.37720,0.07111,0.56598
19038,-0.72882,-0.37244,0.06628,0.57080
19048,-0.72797,-0.36774,0.06226,0.57538
19057,-0.72699,-0.36377,0.05933,0.57941
19068,-0.72577,-0.36121,0.05786,0.58264
19078,-0.72424,-0.36053,0.05786,0.58490
19087,-0.72253,-0.36188,0.05872,0.58618
19098,-0.72076,-0.36481,0.06012,0.58636
19108,-0.71912,-0.36877,0.06171,0.58569
19117,-0.71796,-0.37292,0.06311,0.58435
19128,-0.71729,-0.37683,0.06409,0.58258
19137,-0.71698,-0.38000,0.06476,0.58081
19147,-0.71716,-0.38190,0.06519,0.57935
19158,-0.71765,-0.38239,0.06512,0.57843
19167,-0.71838,-0.38159,0.06470,0.57812
19177,-0.71924,-0.38007,0.06390,0.57812
19188,-0.72021,-0.37823,0.06274,0.57819
19197,-0.72119,-0.37640,0.06140,0.57831
19207,-0.72211,-0.37476,0.06030,0.57837
19218,-0.72290,-0.37341,0.05957,0.57837
19227,-0.72363,-0.37250,0.05914,0.57806
19237,-0.72443,-0.37183,0.05884,0.57758
19248,-0.72516,-0.37140,0.05878,0.57690
19257,-0.72589,-0.37109,0.05896,0.57617
19266,-0.72650,-0.37079,0.05939,0.57550
19278,-0.72711,-0.37036,0.05975,0.57495
19287,-0.72766,-0.36963,0.06000,0.57471
19298,-0.72821,-0.36859,0.06006,0.57465
19307,-0.72888,-0.36731,0.05963,0.57471
19317,-0.72955,-0.36578,0.05884,0.57489
19328,-0.73010,-0.36426,0.05798,0.57526
19337,-0.73047,-0.36273,0.05737,0.57581
19347,-0.73065,-0.36139,0.05707,0.57648
19358,-0.73065,-0.36041,0.05725,0.57709
19367,-0.73053,-0.36005,0.05780,0.57739
19377,-0.73029,-0.36035,0.05841,0.57739
19388,-0.73010,-0.36102,0.05908,0.57721
19397,-0.72992,-0.36169,0.05969,0.57690
19406,-0.72986,-0.36218,0.06018,0.57672
19417,-0.72974,-0.36237,0.06055,0.57666
19427,-0.72974,-0.36212,0.06079,0.57678
19436,-0.72974,-0.36157,0.06104,0.57715
19447,-0.72974,-0.36084,0.06122,0.57751
19457,-0.72980,-0.36017,0.06134,0.57788
19466,-0.72980,-0.35968,0.06140,0.57819
19477,-0.72968,-0.35944,0.06146,0.57843
19487,-0.72955,-0.35931,0.06146,0.57867
19498,-0.72949,-0.35944,0.06122,0.57874
19507,-0.72937,-0.35968,0.06073,0.57880
19517,-0.72931,-0.35980,0.06012,0.57880
19528,-0.72925,-0.35992,0.05945,0.57886
19537,-0.72925,-0.35992,0.05872,0.57898
19547,-0.72937,-0.35950,0.05798,0.57922
19558,-0.72949,-0.35852,0.05725,0.57971
19567,-0.72961,-0.35699,0.05658,0.58051
19576,-0.72980,-0.35492,0.05609,0.58160
19588,-0.72998,-0.35242,0.05573,0.58295
19597,-0.73010,-0.34985,0.05554,0.58441
19606,-0.73010,-0.34753,0.05591,0.58569
19617,-0.72998,-0.34589,0.05682,0.58673
19627,-0.72974,-0.34497,0.05823,0.58746
19636,-0.72937,-0.34454,0.06000,0.58801
19647,-0.72894,-0.34399,0.06207,0.58862
19657,-0.72852,-0.34302,0.06433,0.58954
19666,-0.72797,-0.34143,0.06659,0.59082
19677,-0.72736,-0.33936,0.06860,0.59253
19687,-0.72675,-0.33691,0.07007,0.59448
19696,-0.72607,-0.33453,0.07104,0.59656
19707,-0.72522,-0.33264,0.07159,0.59863
19716,-0.72418,-0.33167,0.07196,0.60034
19727,-0.72314,-0.33179,0.07227,0.60150
19737,-0.72205,-0.33301,0.07257,0.60211
19748,-0.72095,-0.33502,0.07318,0.60217
19757,-0.71997,-0.33716,0.07416,0.60211
19766,-0.71899,-0.33887,0.07556,0.60211
19777,-0.71826,-0.33966,0.07703,0.60236
19786,-0.71790,-0.33936,0.07806,0.60284
19797,-0.71783,-0.33801,0.07825,0.60358
19806,-0.71796,-0.33643,0.07751,0.60449
19817,-0.71802,-0.33527,0.07581,0.60522
19827,-0.71802,-0.33466,0.07355,0.60590
19836,-0.71783,-0.33447,0.07141,0.60645
19847,-0.71753,-0.33472,0.07031,0.60681
19856,-0.71716,-0.33563,0.07031,0.60669
19867,-0.71680,-0.33734,0.07111,0.60614
19876,-0.71680,-0.33929,0.07208,0.60492
19887,-0.71741,-0.34125,0.07129,0.60315
19896,-0.71844,-0.34283,0.06757,0.60144
19906,-0.71960,-0.34375,0.06116,0.60022
19917,-0.72076,-0.34369,0.05280,0.59967
19926,-0.72174,-0.34271,0.04333,0.59979
19937,-0.72253,-0.34106,0.03412,0.60034
19946,-0.72314,-0.33923,0.02618,0.60114
19957,-0.72333,-0.33752,0.02026,0.60211
19966,-0.72308,-0.33624,0.01666,0.60327
19976,-0.72260,-0.33600,0.01477,0.60394
19987,-0.72205,-0.33746,0.01349,0.60382
19996,-0.72137,-0.34082,0.01202,0.60278
20006,-0.72052,-0.34552,0.01013,0.60114
20017,-0.71948,-0.35059,0.00836,0.59949
20026,-0.71844,-0.35522,0.00684,0.59796
20037,-0.71747,-0.35901,0.00586,0.59692
20047,-0.71661,-0.36157,0.00525,0.59637
20056,-0.71588,-0.36304,0.00488,0.59644
20067,-0.71533,-0.36340,0.00452,0.59686
20077,-0.71503,-0.36304,0.00409,0.59747
20086,-0.71503,-0.36224,0.00372,0.59796
20096,-0.71515,-0.36139,0.00360,0.59833
20107,-0.71545,-0.36053,0.00385,0.59845
20116,-0.71594,-0.35974,0.00439,0.59839
20127,-0.71637,-0.35901,0.00494,0.59827
20136,-0.71667,-0.35822,0.00555,0.59833
20145,-0.71680,-0.35760,0.00641,0.59857
20156,-0.71692,-0.35712,0.00739,0.59875
20166,-0.71704,-0.35681,0.00836,0.59869
20177,-0.71741,-0.35651,0.00909,0.59851
20186,-0.71783,-0.35608,0.00958,0.59821
20197,-0.71826,-0.35547,0.01007,0.59802
20206,-0.71869,-0.35486,0.01068,0.59784
20217,-0.71906,-0.35455,0.01135,0.59766
20226,-0.71930,-0.35449,0.01202,0.59729
20236,-0.71960,-0.35449,0.01239,0.59698
20246,-0.71985,-0.35425,0.01263,0.59680
20256,-0.72015,-0.35352,0.01288,0.59692
20267,-0.72046,-0.35242,0.01306,0.59717
20276,-0.72076,-0.35132,0.01312,0.59741
20287,-0.72101,-0.35046,0.01312,0.59766
20296,-0.72107,-0.35028,0.01337,0.59766
20305,-0.72113,-0.35083,0.01367,0.59729
20316,-0.72113,-0.35187,0.01404,0.59662
20326,-0.72125,-0.35284,0.01428,0.59595
20337,-0.72131,-0.35327,0.01440,0.59558
20346,-0.72144,-0.35291,0.01447,0.59564
20357,-0.72156,-0.35168,0.01465,0.59625
20366,-0.72180,-0.34973,0.01477,0.59705
20375,-0.72217,-0.34766,0.01471,0.59778
20386,-0.72260,-0.34583,0.01459,0.59839
20396,-0.72296,-0.34454,0.01447,0.59875
20406,-0.72327,-0.34375,0.01440,0.59882
20416,-0.72345,-0.34332,0.01447,0.59882
20427,-0.72357,-0.34290,0.01422,0.59894
20436,-0.72357,-0.34204,0.01324,0.59943
20445,-0.72351,-0.34027,0.01166,0.60059
20456,-0.72357,-0.33734,0.00964,0.60211
20466,-0.72375,-0.33356,0.00732,0.60406
20476,-0.72388,-0.32922,0.00513,0.60632
20486,-0.72400,-0.32483,0.00378,0.60852
20497,-0.72412,-0.32074,0.00336,0.61053
20506,-0.72388,-0.31775,0.00397,0.61243
20515,-0.72290,-0.31598,0.00482,0.61444
20526,-0.72107,-0.31525,0.00525,0.61700
20535,-0.71820,-0.31543,0.00568,0.62024
20546,-0.71497,-0.31628,0.00659,0.62354
20556,-0.71198,-0.31769,0.00769,0.62622
20567,-0.70947,-0.31934,0.00830,0.62823
20576,-0.70764,-0.32092,0.00861,0.62946
20585,-0.70648,-0.32220,0.00879,0.63013
20596,-0.70581,-0.32318,0.00897,0.63031
20605,-0.70538,-0.32410,0.00873,0.63037
20616,-0.70496,-0.32483,0.00787,0.63049
20626,-0.70410,-0.32550,0.00635,0.63110
20636,-0.70288,-0.32581,0.00427,0.63226
20646,-0.70154,-0.32550,0.00183,0.63397
20655,-0.70020,-0.32428,-0.00049,0.63611
20666,-0.69904,-0.32190,-0.00269,0.63855
20675,-0.69788,-0.31854,-0.00476,0.64148
20686,-0.69635,-0.31500,-0.00684,0.64484
20696,-0.69427,-0.31201,-0.00885,0.64850
20705,-0.69141,-0.31055,-0.01044,0.65228
20716,-0.68793,-0.31152,-0.01123,0.65546
20725,-0.68439,-0.31512,-0.01129,0.65747
20736,-0.68115,-0.32062,-0.01129,0.65814
20746,-0.67841,-0.32642,-0.01184,0.65808
20755,-0.67621,-0.33099,-0.01270,0.65802
20766,-0.67432,-0.33362,-0.01349,0.65869
20775,-0.67236,-0.33466,-0.01379,0.66010
20786,-0.67023,-0.33502,-0.01385,0.66211
20795,-0.66772,-0.33594,-0.01385,0.66418
20806,-0.66510,-0.33826,-0.01331,0.66565
20815,-0.66266,-0.34192,-0.01245,0.66620
20825,-0.66040,-0.34674,-0.01141,0.66595
20836,-0.65820,-0.35217,-0.01038,0.66534
20845,-0.65570,-0.35754,-0.00916,0.66492
20856,-0.65308,-0.36261,-0.00781,0.66486
20865,-0.65033,-0.36707,-0.00629,0.66504
20876,-0.64789,-0.37079,-0.00433,0.66541
20886,-0.64587,-0.37384,-0.00208,0.66565
20895,-0.64453,-0.37640,0.00031,0.66553
20906,-0.64362,-0.37848,0.00244,0.66522
20915,-0.64307,-0.38013,0.00415,0.66479
20925,-0.64276,-0.38129,0.00549,0.66443
20936,-0.64282,-0.38165,0.00629,0.66418
20945,-0.64325,-0.38116,0.00647,0.66400
20955,-0.64392,-0.38007,0.00604,0.66400
20966,-0.64478,-0.37860,0.00543,0.66406
20975,-0.64545,-0.37701,0.00488,0.66425
20986,-0.64600,-0.37567,0.00464,0.66449
20995,-0.64642,-0.37488,0.00476,0.66449
21005,-0.64667,-0.37463,0.00525,0.66437
21016,-0.64673,-0.37500,0.00616,0.66412
21025,-0.64673,-0.37555,0.00732,0.66382
21035,-0.64661,-0.37604,0.00854,0.66364
21046,-0.64667,-0.37616,0.00946,0.66351
21055,-0.64679,-0.37592,0.00995,0.66357
21065,-0.64703,-0.37543,0.01019,0.66357
21076,-0.64734,-0.37494,0.01038,0.66351
21085,-0.64783,-0.37439,0.01062,0.66333
21095,-0.64832,-0.37384,0.01099,0.66321
21106,-0.64868,-0.37323,0.01160,0.66315
21115,-0.64905,-0.37262,0.01245,0.66315
21124,-0.64935,-0.37219,0.01337,0.66309
21135,-0.64966,-0.37177,0.01410,0.66302
21145,-0.64990,-0.37146,0.01453,0.66290
21154,-0.65015,-0.37109,0.01471,0.66290
21165,-0.65027,-0.37067,0.01465,0.66296
21175,-0.65039,-0.37030,0.01459,0.66309
21186,-0.65051,-0.37006,0.01440,0.66309
21195,-0.65063,-0.36981,0.01422,0.66309
21205,-0.65076,-0.36969,0.01416,0.66309
21216,-0.65088,-0.36957,0.01428,0.66302
21225,-0.65094,-0.36957,0.01483,0.66296
21235,-0.65100,-0.36951,0.01550,0.66290
21246,-0.65118,-0.36938,0.01605,0.66272
21255,-0.65149,-0.36914,0.01648,0.66266
21265,-0.65167,-0.36890,0.01697,0.66260
21276,-0.65186,-0.36865,0.01752,0.66254
21285,-0.65198,-0.36859,0.01813,0.66241
21294,-0.65216,-0.36865,0.01862,0.66217
21306,-0.65228,-0.36865,0.01886,0.66205
21315,-0.65228,-0.36871,0.01892,0.66205
21324,-0.65222,-0.36871,0.01886,0.66205
21335,-0.65210,-0.36865,0.01849,0.66223
21345,-0.65192,-0.36841,0.01776,0.66254
21354,-0.65155,-0.36804,0.01678,0.66315
21365,-0.65106,-0.36743,0.01550,0.66394
21375,-0.65051,-0.36670,0.01392,0.66498
21384,-0.64984,-0.36591,0.01196,0.66614
21395,-0.64893,-0.36523,0.00964,0.66742
21405,-0.64777,-0.36493,0.00684,0.66870
21414,-0.64642,-0.36511,0.00360,0.66998
21425,-0.64459,-0.36584,0.00012,0.67133
21435,-0.64227,-0.36719,-0.00311,0.67285
21446,-0.63934,-0.36884,-0.00616,0.67468
21455,-0.63605,-0.37073,-0.00891,0.67670
21464,-0.63245,-0.37274,-0.01123,0.67896
21475,-0.62872,-0.37494,-0.01294,0.68115
21485,-0.62482,-0.37756,-0.01404,0.68329
21494,-0.62042,-0.38104,-0.01422,0.68530
21505,-0.61591,-0.38574,-0.01355,0.68683
21514,-0.61176,-0.39105,-0.01221,0.68750
21525,-0.60828,-0.39618,-0.01099,0.68768
21535,-0.60547,-0.40051,-0.01025,0.68762
21545,-0.60333,-0.40369,-0.01001,0.68774
21555,-0.60187,-0.40521,-0.01013,0.68805
21564,-0.60126,-0.40472,-0.01013,0.68890
21575,-0.60132,-0.40228,-0.00946,0.69031
21585,-0.60205,-0.39850,-0.00775,0.69189
21594,-0.60333,-0.39429,-0.00549,0.69318
21605,-0.60510,-0.39032,-0.00311,0.69391
21615,-0.60736,-0.38702,-0.00079,0.69379
21625,-0.60992,-0.38464,0.00116,0.69287
21635,-0.61255,-0.38293,0.00287,0.69147
21644,-0.61530,-0.38135,0.00488,0.68988
21655,-0.61829,-0.37946,0.00787,0.68829
21665,-0.62164,-0.37695,0.01184,0.68658
21674,-0.62543,-0.37366,0.01593,0.68481
21685,-0.62939,-0.36987,0.01953,0.68317
21694,-0.63330,-0.36572,0.02228,0.68170
21705,-0.63696,-0.36133,0.02435,0.68054
21715,-0.64032,-0.35760,0.02588,0.67932
21724,-0.64337,-0.35522,0.02679,0.67761
21735,-0.64600,-0.35419,0.02740,0.67566
21744,-0.64807,-0.35388,0.02802,0.67377
21755,-0.64954,-0.35413,0.02905,0.67224
21764,-0.65027,-0.35461,0.03101,0.67114
21774,-0.65063,-0.35504,0.03375,0.67047
21785,-0.65076,-0.35535,0.03680,0.67004
21794,-0.65070,-0.35553,0.03967,0.66980
21805,-0.65057,-0.35559,0.04193,0.66974
21814,-0.65051,-0.35553,0.04340,0.66974
21825,-0.65045,-0.35559,0.04395,0.66974
21835,-0.65045,-0.35590,0.04364,0.66962
21844,-0.65051,-0.35663,0.04248,0.66925
21855,-0.65051,-0.35779,0.04095,0.66876
21864,-0.65039,-0.35907,0.03955,0.66821
21875,-0.65009,-0.36023,0.03870,0.66791
21884,-0.64960,-0.36096,0.03851,0.66797
21894,-0.64905,-0.36127,0.03912,0.66833
21905,-0.64844,-0.36127,0.04022,0.66888
21914,-0.64789,-0.36115,0.04138,0.66937
21925,-0.64752,-0.36102,0.04224,0.66980
21934,-0.64722,-0.36072,0.04285,0.67023
21945,-0.64703,-0.36023,0.04321,0.67059
21954,-0.64679,-0.35992,0.04352,0.67096
21964,-0.64655,-0.35986,0.04376,0.67120
21975,-0.64636,-0.36005,0.04407,0.67133
21984,-0.64612,-0.36060,0.04449,0.67126
21995,-0.64581,-0.36127,0.04523,0.67108
22004,-0.64563,-0.36188,0.04633,0.67090
22014,-0.64545,-0.36249,0.04755,0.67059
22025,-0.64545,-0.36304,0.04871,0.67023
22034,-0.64557,-0.36340,0.04968,0.66986
22045,-0.64569,-0.36365,0.05048,0.66956
22054,-0.64594,-0.36371,0.05121,0.66925
22065,-0.64618,-0.36365,0.05176,0.66901
22074,-0.64648,-0.36359,0.05212,0.66876
22084,-0.64679,-0.36371,0.05219,0.66833
22095,-0.64716,-0.36407,0.05188,0.66779
22104,-0.64752,-0.36426,0.05139,0.66736
22115,-0.64783,-0.36414,0.05103,0.66718
22124,-0.64813,-0.36383,0.05096,0.66705
22134,-0.64844,-0.36328,0.05121,0.66705
22145,-0.64874,-0.36261,0.05157,0.66705
22154,-0.64917,-0.36212,0.05194,0.66687
22165,-0.64966,-0.36200,0.05225,0.66644
22174,-0.65027,-0.36237,0.05267,0.66565
22183,-0.65106,-0.36292,0.05310,0.66455
22194,-0.65204,-0.36346,0.05365,0.66327
22204,-0.65314,-0.36371,0.05420,0.66199
22215,-0.65436,-0.36377,0.05493,0.66071
22224,-0.65558,-0.36383,0.05585,0.65936
22233,-0.65698,-0.36395,0.05707,0.65778
22244,-0.65875,-0.36444,0.05865,0.65558
22254,-0.66101,-0.36505,0.06049,0.65277
22265,-0.66376,-0.36566,0.06256,0.64948
22274,-0.66675,-0.36591,0.06543,0.64600
22285,-0.66998,-0.36554,0.06921,0.64246
22294,-0.67328,-0.36432,0.07367,0.63922
22304,-0.67651,-0.36249,0.07874,0.63617
22313,-0.67957,-0.36029,0.08453,0.63342
22325,-0.68256,-0.35773,0.09070,0.63086
22334,-0.68573,-0.35498,0.09637,0.62805
22343,-0.68915,-0.35217,0.10077,0.62524
22353,-0.69250,-0.34943,0.10358,0.62262
22364,-0.69537,-0.34662,0.10492,0.62073
22374,-0.69733,-0.34387,0.10455,0.62018
22383,-0.69769,-0.34100,0.10248,0.62164
22395,-0.69611,-0.33801,0.09912,0.62561
22404,-0.69275,-0.33490,0.09570,0.63153
22413,-0.68884,-0.33173,0.09357,0.63776
22423,-0.68610,-0.32874,0.09406,0.64215
22434,-0.68640,-0.32556,0.09686,0.64307
22444,-0.69025,-0.32227,0.09979,0.64014
22453,-0.69611,-0.31952,0.10114,0.63489
22465,-0.70190,-0.31830,0.10071,0.62921
22474,-0.70612,-0.31866,0.09949,0.62451
22484,-0.70850,-0.31995,0.09863,0.62128
22494,-0.70959,-0.32135,0.09869,0.61926
22504,-0.70990,-0.32251,0.09961,0.61823
22514,-0.70966,-0.32288,0.10138,0.61792
22523,-0.70947,-0.32245,0.10394,0.61792
22534,-0.70984,-0.32129,0.10663,0.61774
22544,-0.71075,-0.31964,0.10852,0.61719
22553,-0.71204,-0.31750,0.10907,0.61664
22564,-0.71320,-0.31488,0.10895,0.61670
22574,-0.71405,-0.31171,0.10864,0.61743
22584,-0.71448,-0.30835,0.10852,0.61865
22593,-0.71454,-0.30524,0.10870,0.62006
22604,-0.71436,-0.30267,0.10931,0.62140
22614,-0.71411,-0.30078,0.11029,0.62244
22623,-0.71381,-0.29950,0.11145,0.62317
22634,-0.71362,-0.29871,0.11255,0.62360
22644,-0.71338,-0.29858,0.11359,0.62372
22653,-0.71320,-0.29901,0.11444,0.62360
22663,-0.71301,-0.29987,0.11487,0.62329
22674,-0.71277,-0.30096,0.11475,0.62311
22684,-0.71234,-0.30219,0.11432,0.62305
22693,-0.71185,-0.30371,0.11377,0.62305
22704,-0.71136,-0.30536,0.11304,0.62286
22714,-0.71094,-0.30707,0.11230,0.62262
22723,-0.71045,-0.30865,0.11188,0.62250
22733,-0.71002,-0.30981,0.11206,0.62238
22744,-0.70978,-0.31061,0.11249,0.62213
22753,-0.70978,-0.31097,0.11273,0.62195
22763,-0.70990,-0.31097,0.11261,0.62189
22774,-0.71002,-0.31049,0.11206,0.62207
22784,-0.71008,-0.30969,0.11133,0.62250
22793,-0.71008,-0.30878,0.11041,0.62311
22803,-0.71008,-0.30798,0.10968,0.62366
22814,-0.71008,-0.30756,0.10919,0.62390
22823,-0.71014,-0.30750,0.10907,0.62390
22833,-0.71021,-0.30780,0.10925,0.62366
22844,-0.71033,-0.30835,0.10956,0.62323
22853,-0.71045,-0.30908,0.10999,0.62262
22863,-0.71057,-0.30994,0.11023,0.62207
22874,-0.71057,-0.31091,0.11017,0.62152
22883,-0.71045,-0.31177,0.10980,0.62134
22894,-0.71014,-0.31250,0.10925,0.62140
22904,-0.70966,-0.31299,0.10864,0.62177
22913,-0.70923,-0.31329,0.10815,0.62219
22923,-0.70886,-0.31335,0.10773,0.62268
22934,-0.70862,-0.31323,0.10748,0.62311
22943,-0.70831,-0.31317,0.10767,0.62341
22953,-0.70813,-0.31311,0.10797,0.62360
22963,-0.70807,-0.31317,0.10809,0.62360
22974,-0.70801,-0.31335,0.10809,0.62360
22983,-0.70782,-0.31372,0.10803,0.62360
22993,-0.70770,-0.31409,0.10803,0.62354
23004,-0.70764,-0.31445,0.10803,0.62347
23014,-0.70770,-0.31470,0.10809,0.62329
23023,-0.70776,-0.31470,0.10840,0.62317
23033,-0.70789,-0.31433,0.10901,0.62305
23044,-0.70813,-0.31372,0.10968,0.62299
23053,-0.70837,-0.31274,0.11029,0.62305
23063,-0.70874,-0.31140,0.11078,0.62329
23074,-0.70911,-0.30975,0.11096,0.62366
23083,-0.70947,-0.30774,0.11096,0.62421
23093,-0.70978,-0.30511,0.11102,0.62512
23102,-0.71002,-0.30188,0.11127,0.62640
23114,-0.71014,-0.29828,0.11194,0.62787
23123,-0.71008,-0.29474,0.11316,0.62939
23133,-0.70966,-0.29187,0.11481,0.63086
23142,-0.70905,-0.28992,0.11664,0.63214
23153,-0.70825,-0.28912,0.11859,0.63306
23163,-0.70728,-0.28967,0.12030,0.63354
23172,-0.70630,-0.29144,0.12183,0.63354
23183,-0.70514,-0.29401,0.12329,0.63336
23193,-0.70392,-0.29688,0.12512,0.63306
23202,-0.70276,-0.29956,0.12732,0.63263
23214,-0.70172,-0.30206,0.12982,0.63208
23223,-0.70087,-0.30420,0.13232,0.63153
23233,-0.70026,-0.30591,0.13440,0.63092
23244,-0.69983,-0.30713,0.13568,0.63049
23253,-0.69952,-0.30786,0.13611,0.63037
23263,-0.69946,-0.30823,0.13538,0.63043
23274,-0.69965,-0.30847,0.13306,0.63062
23283,-0.69983,-0.30896,0.12946,0.63092
23292,-0.69965,-0.30920,0.12579,0.63171
23303,-0.69904,-0.30890,0.12317,0.63306
23313,-0.69818,-0.30804,0.12164,0.63477
23322,-0.69720,-0.30676,0.12073,0.63660
23333,-0.69635,-0.30524,0.11969,0.63849
23343,-0.69556,-0.30359,0.11774,0.64044
23352,-0.69495,-0.30188,0.11475,0.64252
23363,-0.69446,-0.30035,0.11096,0.64435
23373,-0.69446,-0.29913,0.10669,0.64569
23382,-0.69470,-0.29822,0.10175,0.64661
23393,-0.69476,-0.29791,0.09674,0.64746
23403,-0.69427,-0.29822,0.09247,0.64850
23412,-0.69348,-0.29889,0.08917,0.64948
23423,-0.69269,-0.30005,0.08643,0.65015
23433,-0.69208,-0.30188,0.08356,0.65033
23442,-0.69165,-0.30414,0.08038,0.65015
23453,-0.69116,-0.30664,0.07703,0.64990
23463,-0.69067,-0.30914,0.07367,0.64960
23472,-0.69006,-0.31165,0.07062,0.64941
23482,-0.68945,-0.31409,0.06799,0.64917
23493,-0.68884,-0.31622,0.06549,0.64899
23503,-0.68823,-0.31793,0.06323,0.64905
23512,-0.68762,-0.31921,0.06110,0.64929
23523,-0.68701,-0.32001,0.05908,0.64978
23533,-0.68628,-0.32050,0.05737,0.65045
23542,-0.68549,-0.32098,0.05603,0.65112
23552,-0.68475,-0.32172,0.05518,0.65161
23563,-0.68408,-0.32239,0.05457,0.65204
23573,-0.68347,-0.32288,0.05432,0.65240
23582,-0.68298,-0.32312,0.05438,0.65283
23593,-0.68250,-0.32324,0.05469,0.65326
23602,-0.68201,-0.32330,0.05511,0.65369
23613,-0.68158,-0.32330,0.05554,0.65411
23623,-0.68109,-0.32355,0.05585,0.65442
23632,-0.68060,-0.32397,0.05621,0.65472
23643,-0.68005,-0.32452,0.05658,0.65503
23652,-0.67950,-0.32507,0.05688,0.65527
23663,-0.67889,-0.32574,0.05713,0.65552
23672,-0.67841,-0.32629,0.05743,0.65576
23683,-0.67810,-0.32660,0.05774,0.65594
23693,-0.67780,-0.32672,0.05823,0.65613
23702,-0.67761,-0.32660,0.05872,0.65625
23713,-0.67755,-0.32648,0.05920,0.65637
23722,-0.67743,-0.32642,0.05963,0.65649
23733,-0.67743,-0.32648,0.06000,0.65643
23743,-0.67743,-0.32684,0.06024,0.65625
23752,-0.67743,-0.32751,0.06055,0.65588
23763,-0.67737,-0.32831,0.06110,0.65552
23772,-0.67725,-0.32898,0.06183,0.65521
23783,-0.67712,-0.32947,0.06268,0.65503
23792,-0.67694,-0.32971,0.06354,0.65497
23802,-0.67676,-0.32990,0.06427,0.65503
23813,-0.67664,-0.32990,0.06488,0.65509
23822,-0.67651,-0.33002,0.06531,0.65509
23833,-0.67645,-0.33032,0.06561,0.65503
23842,-0.67639,-0.33069,0.06598,0.65485
23852,-0.67639,-0.33118,0.06641,0.65454
23863,-0.67639,-0.33173,0.06696,0.65424
23872,-0.67651,-0.33221,0.06763,0.65375
23883,-0.67664,-0.33258,0.06836,0.65338
23892,-0.67676,-0.33282,0.06915,0.65302
23903,-0.67688,-0.33282,0.06995,0.65277
23912,-0.67700,-0.33276,0.07062,0.65265
23922,-0.67712,-0.33264,0.07104,0.65253
23933,-0.67725,-0.33246,0.07123,0.65253
23942,-0.67737,-0.33221,0.07141,0.65247
23953,-0.67749,-0.33191,0.07159,0.65247
23962,-0.67773,-0.33154,0.07184,0.65240
23971,-0.67804,-0.33118,0.07196,0.65222
23982,-0.67828,-0.33093,0.07214,0.65210
23992,-0.67853,-0.33087,0.07227,0.65186
24003,-0.67871,-0.33105,0.07239,0.65161
24012,-0.67871,-0.33136,0.07251,0.65137
24023,-0.67871,-0.33167,0.07281,0.65118
24032,-0.67877,-0.33191,0.07318,0.65100
24042,-0.67889,-0.33209,0.07343,0.65070
24052,-0.67914,-0.33215,0.07343,0.65045
24062,-0.67938,-0.33197,0.07318,0.65027
24073,-0.67969,-0.33167,0.07263,0.65021
24082,-0.67987,-0.33136,0.07214,0.65021
24091,-0.67999,-0.33118,0.07172,0.65021
24102,-0.67999,-0.33130,0.07141,0.65021
24112,-0.67993,-0.33185,0.07129,0.65002
24123,-0.67987,-0.33258,0.07141,0.64972
24132,-0.67975,-0.33344,0.07172,0.64929
24143,-0.67975,-0.33429,0.07220,0.64886
24152,-0.67981,-0.33496,0.07269,0.64838
24161,-0.67999,-0.33527,0.07300,0.64801
24172,-0.68030,-0.33521,0.07300,0.64771
24182,-0.68066,-0.33472,0.07281,0.64758
24193,-0.68109,-0.33386,0.07263,0.64758
24202,-0.68152,-0.33276,0.07245,0.64777
24211,-0.68188,-0.33167,0.07245,0.64789
24222,-0.68231,-0.33093,0.07257,0.64783
24231,-0.68268,-0.33081,0.07281,0.64752
24242,-0.68298,-0.33124,0.07312,0.64691
24252,-0.68335,-0.33179,0.07324,0.64624
24263,-0.68365,-0.33234,0.07324,0.64563
24272,-0.68384,-0.33270,0.07324,0.64526
24281,-0.68408,-0.33276,0.07324,0.64496
24292,-0.68439,-0.33258,0.07306,0.64471
24302,-0.68481,-0.33221,0.07269,0.64453
24312,-0.68530,-0.33167,0.07227,0.64435
24322,-0.68585,-0.33112,0.07184,0.64410
24331,-0.68634,-0.33063,0.07135,0.64386
24342,-0.68665,-0.33026,0.07086,0.64374
24351,-0.68671,-0.33002,0.07056,0.64386
24362,-0.68658,-0.32996,0.07037,0.64404
24372,-0.68652,-0.33014,0.07031,0.64404
24383,-0.68634,-0.33051,0.07025,0.64398
24392,-0.68622,-0.33105,0.07031,0.64392
24401,-0.68597,-0.33160,0.07056,0.64380
24412,-0.68585,-0.33209,0.07086,0.64368
24421,-0.68573,-0.33246,0.07104,0.64362
24432,-0.68561,-0.33264,0.07092,0.64368
24442,-0.68542,-0.33276,0.07062,0.64380
24451,-0.68524,-0.33289,0.07037,0.64398
24462,-0.68500,-0.33301,0.07025,0.64417
24471,-0.68469,-0.33337,0.07037,0.64429
24482,-0.68439,-0.33386,0.07074,0.64429
24492,-0.68414,-0.33435,0.07117,0.64429
24501,-0.68384,-0.33484,0.07172,0.64429
24512,-0.68359,-0.33533,0.07227,0.64423
24521,-0.68347,-0.33569,0.07263,0.64410
24532,-0.68341,-0.33600,0.07275,0.64404
24541,-0.68341,-0.33618,0.07269,0.64398
24552,-0.68335,-0.33630,0.07263,0.64398
24562,-0.68323,-0.33649,0.07269,0.64398
24571,-0.68317,-0.33673,0.07275,0.64392
24582,-0.68298,-0.33704,0.07281,0.64392
24591,-0.68280,-0.33734,0.07288,0.64398
24602,-0.68256,-0.33752,0.07306,0.64404
24611,-0.68237,-0.33759,0.07330,0.64423
24622,-0.68231,-0.33740,0.07355,0.64435
24632,-0.68225,-0.33722,0.07373,0.64453
24641,-0.68225,-0.33710,0.07385,0.64459
24652,-0.68213,-0.33722,0.07391,0.64465
24661,-0.68201,-0.33746,0.07404,0.64465
24671,-0.68176,-0.33795,0.07422,0.64459
24682,-0.68152,-0.33844,0.07458,0.64453
