time,gyrx,gyry,gyrz
5,     0,     0,     0
12,    -1,     0,     1
18,    -1,    -1,     0
23,    -1,     0,     0
29,    -1,     0,     0
37,    -1,     0,     0
48,    -2,     1,     0
57,    -2,     0,     0
68,    -2,     0,    -1
78,    -2,     0,    -1
87,    -2,    -1,    -1
98,    -2,    -1,    -2
107,    -2,     0,    -1
118,    -2,     0,    -1
127,    -2,     1,    -1
138,    -2,     1,    -1
148,    -2,     1,    -1
157,    -2,     1,    -1
168,    -2,     1,    -1
177,    -1,     1,    -1
188,    -2,     0,    -1
198,    -2,     1,     0
207,    -1,     1,     0
217,    -1,     1,     0
228,    -1,     1,     0
237,    -1,     1,     0
248,    -1,     0,     0
257,     0,     0,     0
268,     0,     0,     0
277,     0,     0,     0
287,     0,    -1,    -1
298,    -1,    -1,    -1
307,     0,    -1,     0
318,     1,    -1,     0
327,     1,    -1,     0
338,     2,    -1,     0
347,     2,    -1,     0
357,     1,    -1,     0
368,     1,    -2,     0
377,     0,    -2,     0
388,     1,    -2,     0
397,     1,    -1,     0
408,     1,    -1,     0
417,     1,    -1,     0
428,     1,    -1,     0
437,     0,    -1,     0
447,    -1,     0,     0
458,    -2,     1,    -1
467,    -2,     2,    -1
478,    -3,     2,    -1
487,    -4,     2,    -1
498,    -4,     1,    -1
507,    -4,     0,    -1
517,    -3,     0,    -1
528,    -2,    -1,    -1
537,    -2,    -1,    -1
548,     0,    -1,    -1
557,     2,    -1,    -1
568,     2,    -1,    -1
577,     2,    -1,    -1
587,     1,    -1,    -1
598,     0,    -1,     0
607,     0,    -1,     0
618,     0,    -1,     0
627,     0,     0,     0
638,     0,     0,     0
647,     0,     0,     0
656,     0,     0,     0
667,    -1,    -1,    -1
677,    -1,    -1,    -1
688,    -2,    -1,    -1
697,    -2,    -1,    -1
708,    -1,     0,     0
717,     0,     0,     0
726,     1,     0,     0
737,     1,     0,     0
747,     0,     0,     0
758,     0,     0,     0
767,     0,     0,     0
778,     0,     0,     0
787,     0,     0,     0
797,     0,    -1,     0
807,     0,    -1,     0
817,    -1,    -1,    -1
826,    -2,    -1,     0
837,    -2,     0,     0
846,    -1,     0,     0
857,     0,     0,     0
867,     0,     1,     0
878,     1,     1,     0
887,     1,     0,     0
897,     0,    -1,     0
906,    -1,    -1,    -1
917,    -2,    -2,    -1
926,    -2,    -2,    -1
938,    -2,    -1,    -1
947,    -1,    -1,     0
956,     0,     0,     0
967,     1,     0,     0
976,     1,     0,     0
987,     0,     0,     0
997,    -1,    -1,    -1
1006,    -1,    -1,    -1
1017,    -2,    -1,    -1
1026,    -2,    -1,    -1
1037,    -1,     0,    -1
1047,     0,     0,     0
1058,     0,    -1,     0
1067,     0,    -1,     0
1076,     0,    -1,    -1
1087,    -1,    -1,    -1
1097,    -1,    -1,    -1
1106,    -1,    -1,    -1
1117,     0,    -1,    -1
1126,     0,    -1,    -1
1137,     0,    -1,    -1
1146,     0,    -1,    -1
1157,     0,    -1,    -1
1167,    -1,    -1,    -1
1176,     0,     0,     0
1187,     0,     0,    -1
1196,     0,     0,    -1
1207,     0,    -1,    -1
1216,    -1,    -1,    -1
1227,    -2,    -1,    -1
1237,    -1,    -1,    -1
1246,    -1,    -1,     0
1257,     0,    -1,     0
1266,     1,     0,     0
1277,     1,     0,    -1
1286,     0,     0,    -1
1297,    -1,    -1,    -1
1306,    -2,    -1,    -1
1316,    -3,    -2,    -1
1327,    -2,    -3,    -2
1336,     1,    -3,    -4
1347,     4,    -3,    -6
1356,     7,    -2,    -7
1367,     6,    -1,   -11
1376,     1,     0,   -11
1386,    -6,     3,   -11
1397,   -15,     6,    -9
1406,   -21,     9,    -6
1417,   -26,    11,    -1
1426,   -29,    18,     3
1437,   -32,    22,     5
1446,   -25,    17,     1
1455,   -16,    -4,   -11
1466,   -15,   -22,   -19
1476,   -12,   -17,   -23
1487,    -7,     0,   -25
1497,    -1,     7,   -23
1506,     8,     4,   -16
1516,    20,    -1,    -8
1527,    31,    -6,    -2
1536,    37,    -9,     4
1547,    38,    -9,     9
1556,    32,    -6,    11
1565,    22,    -2,     9
1576,     7,     2,     9
1586,    -7,     4,    12
1597,   -20,     4,    14
1606,   -34,     0,    22
1616,   -34,    -8,    28
1627,   -24,   -22,    30
1636,   -13,   -36,    27
1645,    -7,   -42,    25
1656,    -3,   -40,    22
1666,    -2,   -33,    16
1676,    -1,   -24,    12
1686,    -2,   -18,    10
1697,    -3,   -13,    10
1706,    -6,    -7,    12
1715,   -11,    -4,    17
1726,   -16,    -3,    22
1735,   -19,    -4,    27
1746,   -18,    -7,    32
1756,   -12,   -11,    34
1767,    -6,   -15,    31
1776,    -5,   -15,    23
1785,    -8,   -14,    14
1796,    -8,   -13,     7
1805,    -4,    -8,     6
1817,     5,     2,     9
1826,    14,    11,    16
1835,    21,    14,    22
1846,    27,    13,    28
1855,    30,     7,    30
1866,    29,     3,    28
1876,    23,     1,    25
1887,    13,    -3,    20
1896,     0,    -8,    15
1905,   -10,   -13,    12
1916,   -17,   -17,    11
1925,   -20,   -21,    10
1936,   -19,   -24,    10
1946,   -18,   -24,    10
1955,   -15,   -19,    11
1966,   -11,   -11,    13
1975,    -6,    -2,    14
1986,    -2,     6,    13
1995,     1,     8,    12
2007,     3,     7,     8
2016,     2,     2,     5
2025,     1,    -4,     1
2036,     0,   -10,    -1
2046,    -1,   -14,    -2
2055,    -1,   -14,    -1
2066,    -1,   -11,     0
2075,    -2,    -9,     1
2086,    -1,    -8,     1
2095,     0,    -7,     0
2106,     0,    -5,    -2
2116,    -1,    -3,    -2
2125,     0,    -2,    -2
2136,     1,    -1,    -2
2146,     4,    -1,     0
2155,     6,     0,     1
2166,     7,     0,     0
2175,     8,     0,     0
2186,     8,     0,    -1
2196,     9,     0,     0
2205,    10,     1,     0
2216,    10,     2,     0
2226,    10,     2,     0
2235,    10,     2,     1
2246,     9,    -1,     1
2255,     7,    -5,     0
2266,     5,    -9,     0
2275,     3,   -11,    -1
2286,     0,   -10,     0
2296,     0,    -6,     0
2305,     1,    -2,    -1
2316,     1,     1,    -1
2325,     1,     3,    -1
2335,     2,     4,     0
2346,     3,     4,    -2
2355,     2,     3,    -4
2366,     2,     1,    -6
2375,     2,     2,    -6
2385,     2,     4,    -6
2396,     0,     6,    -4
2405,     0,     7,    -5
2416,     1,     8,    -5
2425,     5,     8,    -5
2435,     7,    10,    -5
2446,    10,    11,    -5
2455,    12,    11,    -6
2466,    11,     8,    -8
2475,     9,     4,    -9
2486,     8,     2,   -10
2495,     7,     1,   -11
2505,     5,     2,   -11
2516,     4,     5,   -10
2525,     2,    12,    -8
2534,     0,    18,    -7
2545,    -3,    20,    -6
2555,    -3,    18,    -5
2565,    -3,    14,    -4
2575,     0,    12,    -3
2586,     4,    15,    -2
2595,     7,    20,    -1
2604,     8,    22,     0
2616,     8,    20,     0
2625,     9,    17,    -1
2634,     7,    12,    -4
2645,     5,     6,    -6
2655,     4,     3,    -6
2666,     5,     5,    -6
2675,     6,     8,    -5
2684,     6,    11,    -3
2695,     5,    12,    -2
2704,     3,    13,    -1
2715,     0,    15,    -1
2725,    -4,    15,     0
2736,    -8,    12,     0
2745,   -11,    10,     1
2754,   -13,     9,     3
2765,   -13,    11,     6
2774,   -12,    15,     9
2785,   -11,    18,    11
2795,    -9,    18,    12
2806,    -7,    16,    10
2815,    -6,    14,     8
2825,    -9,    11,     4
2835,   -12,     8,     0
2845,   -15,     7,    -5
2854,   -15,     6,    -8
2865,    -9,     6,    -8
2874,     1,     7,    -6
2885,    11,     9,    -2
2894,    17,    11,     2
2905,    18,    12,     5
2915,    13,    12,     7
2924,     4,    13,     8
2935,    -5,    15,     8
2944,   -14,    16,     9
2955,   -20,    18,    10
2965,   -24,    19,    12
2974,   -25,    18,    13
2985,   -25,    12,    13
2994,   -23,     5,    13
3005,   -20,     0,    12
3014,   -17,    -5,    11
3024,   -15,    -8,    10
3035,   -13,   -11,     8
3044,   -12,   -12,     5
3055,   -11,   -13,     3
3065,    -9,   -14,     0
3074,    -7,   -13,    -2
3085,    -5,   -10,    -2
3094,    -2,    -8,    -3
3105,     0,    -7,    -3
3114,     2,    -6,    -4
3124,     3,    -6,    -4
3135,     4,    -5,    -5
3144,     5,    -6,    -7
3155,     5,    -7,    -7
3164,     6,    -7,    -5
3174,    11,    -5,     0
3185,    22,     0,     7
3194,    39,     6,    13
3204,    54,    12,    16
3215,    60,    16,    15
3224,    54,    18,    12
3235,    40,    15,     8
3244,    18,    10,     4
3254,    -1,     6,     0
3265,   -13,     1,     1
3274,   -21,    -6,     4
3285,   -27,   -10,     9
3294,   -31,   -11,    14
3305,   -32,   -11,    16
3314,   -31,   -11,    15
3324,   -28,   -11,    13
3335,   -23,   -11,     9
3344,   -21,   -15,     7
3354,   -24,   -20,     7
3365,   -29,   -22,    10
3374,   -32,   -20,    14
3385,   -27,   -18,    17
3394,   -17,   -17,    19
3405,    -6,   -15,    16
3414,     1,   -13,    12
3424,     4,   -10,     6
3435,     4,    -5,     1
3444,     2,     0,    -3
3453,    -1,     5,    -5
3464,    -3,     9,    -6
3474,    -4,    12,    -8
3485,    -5,     6,   -11
3494,    -9,    -6,   -13
3503,   -13,   -17,   -14
3514,   -15,   -22,   -14
3524,   -14,   -22,   -14
3535,   -11,   -16,   -15
3544,    -6,    -8,   -17
3553,    -3,    -3,   -19
3564,    -2,    -4,   -20
3574,    -6,    -7,   -19
3584,   -12,   -12,   -16
3594,   -19,   -16,   -13
3605,   -21,   -19,   -12
3614,   -19,   -25,   -14
3623,   -14,   -28,   -15
3635,    -8,   -24,   -16
3644,    -6,   -16,   -16
3653,    -7,    -8,   -14
3664,    -8,    -1,   -11
3674,    -4,     2,    -9
3685,     2,     6,    -9
3694,     7,     7,   -10
3703,    11,     8,   -11
3714,    11,     7,   -11
3723,     9,     8,    -9
3734,     4,    11,    -6
3743,     1,    11,    -5
3755,     2,    11,    -7
3764,     6,    10,   -12
3773,    12,     7,   -16
3784,    16,     4,   -17
3794,    16,     6,   -15
3805,    14,     9,   -13
3814,    12,     9,    -9
3823,    12,     3,    -5
3834,    16,    -4,    -3
3844,    17,    -7,    -3
3853,    15,    -6,    -4
3864,     9,    -3,    -6
3873,     3,     1,    -9
3883,    -2,     6,   -11
3894,    -3,    10,   -10
3903,     0,    13,    -8
3914,    10,    16,    -5
3923,    20,    19,    -3
3934,    24,    19,    -2
3944,    23,    16,    -1
3953,    18,    11,     0
3964,    12,     7,    -1
3973,     7,     5,    -3
3984,     2,     4,    -4
3994,    -1,     3,    -5
4003,    -3,     2,    -7
4014,    -7,     1,   -11
4023,   -11,     0,   -12
4034,    -6,    -2,   -11
4044,     5,    -4,    -7
4053,    18,    -4,    -3
4064,    28,    -3,     1
4073,    31,    -3,     3
4084,    29,    -3,     3
4093,    23,    -4,     1
4104,    15,    -6,    -1
4113,     7,    -7,    -3
4123,     0,    -5,    -3
4134,    -5,    -4,    -2
4143,    -7,    -3,     0
4154,    -4,    -3,     1
4163,     3,    -3,     2
4174,    10,    -1,     3
4183,    15,     1,     3
4193,    15,     1,     4
4204,    11,     1,     4
4213,     5,     1,     1
4224,    -2,    -2,    -2
4233,    -8,    -5,    -4
4243,   -10,    -8,    -4
4254,    -9,    -7,    -4
4263,    -5,    -4,    -3
4273,    -1,    -1,    -1
4284,     4,     3,     2
4293,     8,     5,     3
4304,    11,     6,     4
4313,     9,     4,     4
4322,     5,     1,     3
4333,     0,     0,     0
4343,    -5,    -1,    -3
4352,    -8,    -3,    -4
4363,    -9,    -4,    -3
4373,    -9,    -1,    -2
4384,    -9,     3,    -1
4393,    -7,     7,     0
4404,    -3,     8,     2
4413,     0,     6,     3
4422,     3,     3,     3
4433,     5,     1,     3
4443,     4,     0,     1
4454,     0,    -1,    -1
4463,    -4,    -2,    -2
4473,    -7,    -2,    -2
4484,    -7,     0,    -3
4493,    -5,     3,    -2
4502,    -3,     5,    -1
4513,    -2,     4,    -1
4523,    -1,     2,    -2
4534,     0,    -1,    -2
4543,     2,    -2,    -2
4552,     5,    -1,    -1
4563,     6,     0,     0
4573,     6,     1,     0
4582,     4,     1,    -1
4593,     1,     3,    -2
4602,    -3,     3,    -3
4613,    -6,     2,    -4
4623,    -8,     1,    -5
4634,    -8,     1,    -5
4643,    -6,     3,    -5
4652,    -2,     5,    -4
4663,     2,     5,    -3
4672,     7,     5,    -2
4683,    10,     6,    -1
4693,    12,     7,    -2
4702,    13,     9,    -4
4713,    13,    13,    -6
4723,    13,    17,    -8
4733,    12,    22,   -10
4743,    12,    21,   -12
4752,    14,    15,   -13
4763,    19,     3,   -13
4773,    26,   -11,   -12
4782,    30,   -20,   -11
4793,    31,   -21,    -9
4802,    31,   -18,    -6
4813,    30,   -10,    -3
4823,    25,    -1,     0
4832,    18,     2,     1
4843,     9,     1,     2
4852,    -2,    -3,     2
4863,   -13,    -3,     2
4873,   -21,     1,     2
4882,   -24,     1,     2
4893,   -23,    -5,     1
4902,   -22,   -15,     2
4913,   -19,   -24,     6
4923,   -16,   -26,    11
4932,   -13,   -23,    17
4943,    -7,   -18,    22
4952,     1,   -10,    25
4963,     5,    -7,    29
4973,     2,   -11,    29
4982,    -4,   -17,    28
4993,   -13,   -22,    23
5002,   -22,   -23,    17
5012,   -28,   -20,    11
5023,   -31,   -11,     7
5032,   -31,     5,     5
5043,   -27,    22,     4
5052,   -19,    28,     3
5062,   -11,    23,     1
5073,    -2,    10,     0
5082,     6,    -2,     0
5093,    14,   -12,    -1
5102,    19,   -14,     0
5113,    23,   -12,     2
5122,    27,   -10,     3
5132,    29,    -4,     4
5143,    28,     4,     5
5152,    25,    12,     6
5163,    20,    16,     6
5172,    13,    15,     4
5182,     5,    11,     0
5193,    -2,     4,    -5
5202,   -10,    -2,    -8
5213,   -17,    -5,   -10
5222,   -22,    -5,    -9
5232,   -22,    -3,    -8
5243,   -17,    -1,    -6
5252,   -11,     3,    -3
5263,    -4,     4,     0
5272,     2,     4,     2
5282,     5,     2,     3
5293,     6,    -2,     3
5302,     4,    -6,     1
5312,     2,    -7,     1
5323,     1,    -6,     1
5332,     0,    -4,     1
5341,     0,    -2,     1
5352,     0,    -2,     1
5362,     0,    -2,     1
5373,    -1,    -1,     1
5382,    -3,    -1,     1
5391,    -3,    -4,     1
5402,    -3,    -6,     0
5412,    -2,    -7,     1
5423,    -1,    -5,     2
5432,     0,    -2,     2
5441,     1,    -1,     3
5452,     0,    -1,     3
5462,    -1,    -2,     3
5472,    -3,    -4,     3
5482,    -3,    -5,     3
5493,    -2,    -4,     3
5502,    -1,    -3,     3
5511,     0,    -2,     3
5522,     0,    -3,     3
5532,    -1,    -2,     2
5543,    -1,    -3,     2
5552,    -1,    -4,     2
5561,    -2,    -4,     3
5572,    -1,    -3,     3
5581,     0,    -2,     4
5592,     0,    -3,     5
5602,     1,    -3,     5
5611,     1,    -2,     6
5622,     1,     0,     6
5631,     2,     1,     8
5642,     2,     2,    12
5652,     2,     3,    16
5661,     3,     4,    20
5672,     3,     6,    24
5681,     7,     7,    29
5692,    11,     6,    33
5701,    13,     3,    39
5712,    14,    -1,    46
5722,    15,    -4,    54
5731,    14,    -6,    59
5742,    12,    -6,    58
5751,     7,    -6,    54
5762,    -3,    -6,    50
5772,   -12,    -3,    46
5782,   -23,     2,    40
5792,   -33,     6,    34
5801,   -37,     6,    26
5812,   -39,     4,    19
5822,   -38,     0,    13
5831,   -38,    -6,     9
5842,   -39,   -12,     7
5851,   -43,   -17,     8
5862,   -45,   -20,     9
5871,   -43,   -17,    10
5882,   -34,   -11,    11
5892,   -17,     0,    15
5901,     4,    14,    22
5912,    23,    25,    29
5921,    36,    30,    30
5932,    41,    26,    27
5941,    37,    17,    21
5951,    25,     6,    15
5962,     9,    -4,     8
5971,    -6,   -10,     2
5982,   -18,   -13,    -1
5991,   -23,   -14,     0
6001,   -20,   -11,     3
6012,   -11,    -7,     6
6021,     1,    -5,     8
6032,    11,    -6,    10
6041,    16,    -7,    10
6051,    17,    -9,     9
6062,    15,   -11,     7
6071,     8,   -11,     6
6082,     1,    -9,     4
6091,    -5,    -6,     2
6101,    -9,    -4,     0
6112,   -10,    -2,    -1
6121,    -8,    -1,    -2
6132,    -5,    -1,    -3
6141,     0,    -3,    -3
6151,     5,    -4,    -2
6162,    10,    -3,     1
6171,    13,    -1,     3
6182,    14,     0,     5
6191,    13,     1,     6
6201,     9,     1,     5
6210,     5,     1,     3
6221,     0,     1,     1
6231,    -5,     0,    -2
6242,    -8,    -2,    -3
6251,    -9,    -4,    -3
6260,    -9,    -5,    -3
6271,    -6,    -6,    -2
6281,    -3,    -6,    -1
6291,     1,    -4,     0
6301,     6,    -1,     1
6312,     9,     2,     1
6321,    11,     3,     1
6331,    11,     3,     0
6342,     9,     2,    -1
6351,     5,     1,    -1
6360,     1,     0,    -2
6371,    -4,    -1,    -3
6381,    -6,    -1,    -3
6392,    -6,    -1,    -3
6401,    -3,     0,    -3
6410,     0,     1,    -3
6421,     2,     1,    -2
6430,     4,     0,    -2
6441,     5,     0,    -1
6451,     6,    -2,     0
6462,     6,    -3,     0
6471,     6,    -3,     0
6480,     5,    -1,     0
6491,     4,     0,     0
6500,     2,     0,     0
6511,     0,     0,    -1
6521,    -2,    -1,    -2
6532,    -2,    -1,    -3
6541,    -2,    -2,    -2
6550,     0,    -2,    -2
6561,     2,    -2,    -1
6571,     3,    -2,     0
6581,     4,    -1,     0
6591,     3,    -1,     1
6600,     2,     0,     1
6611,     1,     0,     1
6620,     0,     0,     1
6631,    -2,     0,     0
6641,    -4,     0,     0
6652,    -6,     1,     0
6661,    -7,     0,     0
6670,    -8,    -1,     0
6681,    -7,    -1,     1
6690,    -7,     1,     1
6701,    -5,     1,     1
6711,    -3,    -1,     0
6720,    -2,    -5,    -1
6731,    -2,    -9,    -2
6740,    -3,   -11,    -4
6751,    -5,   -10,    -8
6760,    -8,    -7,   -12
6771,   -11,    -3,   -17
6781,   -14,     5,   -22
6790,   -18,    14,   -25
6801,   -20,    22,   -27
6810,   -21,    25,   -28
6821,   -18,    20,   -27
6830,   -11,    12,   -24
6841,    -3,     7,   -21
6851,     7,     4,   -18
6860,    13,     4,   -16
6871,    12,     5,   -14
6880,     6,    14,   -14
6890,    -5,    25,   -13
6901,   -11,    34,   -14
6910,   -13,    40,   -15
6920,   -11,    42,   -15
6931,    -6,    38,   -15
6940,     0,    27,   -16
6951,     5,    12,   -17
6961,     4,    -1,   -17
6970,    -2,    -8,   -17
6981,    -6,    -9,   -14
6990,    -6,    -4,   -11
7001,    -2,     6,    -6
7010,     1,    21,    -1
7020,     2,    33,     4
7031,     2,    33,     5
7040,     3,    26,     3
7051,     4,    13,     0
7060,     3,     1,    -2
7071,     0,    -5,    -4
7080,    -1,    -7,    -4
7090,    -1,    -5,    -3
7100,     0,    -2,    -1
7110,     0,     1,     1
7121,     1,     1,     2
7130,     0,     0,     3
7141,    -2,     1,     3
7150,    -6,     0,     3
7159,    -8,    -1,     3
7170,    -9,    -3,     2
7180,    -9,    -4,     3
7191,    -8,    -4,     4
7200,    -6,    -3,     5
7211,    -4,    -1,     6
7220,    -3,     0,     6
7229,    -3,    -2,     6
7240,    -2,    -5,     5
7250,    -1,    -7,     4
7261,    -1,    -9,     4
7270,     0,   -10,     4
7279,     0,   -10,     3
7290,     1,    -8,     2
7299,     1,    -5,     2
7310,     2,    -3,     1
7320,     2,    -2,     0
7331,     1,    -1,     0
7340,     1,    -1,     1
7349,     1,    -1,     3
7360,     1,    -2,     3
7370,     2,    -3,     3
7380,     2,    -4,     3
7390,     3,    -6,     2
7399,     4,    -5,     1
7410,     4,    -3,     1
7419,     4,     1,     1
7430,     3,     3,     0
7440,     2,     3,    -1
7450,     1,     2,    -2
7460,    -1,     2,    -2
7469,    -2,     0,    -2
7480,    -3,    -1,    -3
7489,    -4,    -2,    -3
7500,    -4,    -2,    -3
7509,    -4,     0,    -2
7520,    -2,     1,     0
7530,     1,     1,     1
7539,     4,     2,     1
7550,     5,     2,     0
7559,     4,     1,    -1
7570,     3,     0,    -1
7580,     2,    -1,    -1
7589,     0,    -1,     0
7600,     0,    -1,    -1
7609,     0,    -1,    -2
7621,     0,    -1,    -2
7630,     0,     0,    -1
7639,     1,     1,     0
7650,     2,     1,     1
7660,     3,     1,     1
7669,     3,    -1,     2
7680,     2,    -1,     3
7689,     0,    -1,     3
7700,    -2,    -2,     2
7709,    -4,    -2,     2
7720,    -5,    -3,     1
7730,    -5,    -2,     1
7739,    -5,    -1,     1
7750,    -5,     2,     1
7759,    -3,     3,     2
7770,    -1,     3,     2
7779,     2,     2,     2
7789,     3,     1,     2
7800,     3,     1,     2
7809,     3,     0,     1
7820,     1,     0,     1
7829,    -1,     0,     1
7840,    -3,     0,     0
7849,    -4,    -2,     0
7859,    -4,    -3,    -1
7870,    -3,    -2,    -1
7879,    -2,    -1,    -1
7890,     0,     0,    -1
7900,     2,     1,    -1
7909,     4,     2,     0
7920,     4,     2,    -1
7930,     4,     2,    -1
7939,     2,     1,    -2
7950,     0,     0,    -2
7959,    -1,    -1,    -2
7969,    -3,    -1,    -2
7980,    -3,    -2,    -2
7989,    -2,    -2,    -1
8000,    -2,    -1,     0
8009,    -2,    -1,     0
8018,    -2,    -1,     0
8029,    -2,     0,     0
8039,    -1,     0,    -1
8050,     0,     1,    -1
8059,     1,     1,    -1
8070,     3,     2,     0
8079,     3,     3,     0
8088,     4,     3,     0
8099,     3,     2,     0
8109,     1,     0,     0
8120,     0,    -1,     0
8129,    -2,     0,     0
8140,    -3,     0,    -1
8149,    -3,     0,    -1
8158,    -2,     0,    -1
8169,    -2,     1,    -1
8179,     0,     0,    -1
8190,     1,    -1,     0
8199,     3,    -2,     0
8210,     3,    -2,    -1
8219,     3,    -2,    -1
8228,     3,    -2,    -1
8239,     3,    -3,    -1
8249,     3,    -3,    -1
8259,     3,    -2,    -1
8269,     3,    -1,    -2
8280,     4,     0,    -3
8289,     3,     1,    -4
8298,     1,     2,    -4
8309,     0,     2,    -5
8319,     1,     1,    -6
8329,     2,     0,    -6
8339,     4,     0,    -6
8350,     5,     0,    -6
8359,     4,     1,    -6
8368,     2,     1,    -5
8379,     0,     0,    -5
8388,    -2,    -1,    -4
8399,    -3,    -6,    -3
8409,    -2,    -9,    -2
8418,     0,    -9,     0
8429,     3,    -6,     1
8439,     5,    -2,     1
8450,     5,     1,     2
8459,     3,     4,     2
8468,     1,     6,     2
8479,    -2,     6,     2
8488,    -4,     4,     2
8499,    -5,     4,     2
8509,    -6,     5,     3
8518,    -5,     7,     3
8529,    -4,     8,     4
8538,    -2,     8,     5
8549,    -2,     7,     6
8558,    -2,     6,     7
8569,    -1,     7,    10
8579,    -1,    10,    13
8588,    -1,    12,    15
8599,    -4,    12,    17
8608,    -8,    11,    19
8619,   -10,    12,    22
8628,    -9,    12,    24
8638,    -6,    13,    21
8649,    -3,    12,    17
8658,     3,     8,     8
8669,    10,    -2,    -3
8678,    20,   -16,   -15
8689,    31,   -24,   -27
8699,    42,   -22,   -35
8708,    49,   -14,   -36
8719,    50,     0,   -34
8728,    45,    13,   -29
8739,    33,    19,   -26
8748,    18,    14,   -29
8758,     1,     5,   -38
8769,   -12,    -6,   -52
8778,   -23,   -14,   -65
8789,   -25,   -17,   -73
8798,   -23,   -15,   -72
8809,   -14,   -11,   -64
8818,    -3,    -5,   -56
8828,     8,     3,   -49
8839,    19,    10,   -44
8848,    25,    16,   -38
8859,    27,    21,   -32
8868,    23,    22,   -24
8879,    14,    20,   -17
8888,     7,    19,   -11
8898,     2,    22,    -7
8909,    -1,    21,    -3
8918,    -5,    19,    -2
8929,    -8,    19,    -5
8938,    -9,    19,    -8
8949,   -11,   -15,   -11
8958,   -23,   -66,   -16
8968,   -36,   -33,    -7
8979,   -31,    13,     4
8988,   -13,    19,    11
8998,     1,    -1,    11
9009,     7,   -21,     8
9018,     5,   -27,     6
9027,    -2,   -25,     3
9038,    -8,   -19,     1
9048,   -11,   -13,     0
9059,   -11,    -7,     0
9068,    -9,    -3,     0
9078,    -7,    -1,     1
9089,    -2,    -1,     3
9098,     4,    -3,     5
9109,     9,    -5,     6
9118,    10,    -6,     5
9127,     8,    -7,     3
9138,     4,    -7,     0
9148,    -3,    -6,    -2
9159,   -11,    -4,    -4
9168,   -16,    -2,    -7
9177,   -19,    -1,    -9
9188,   -22,     0,    -9
9197,   -21,    -1,    -9
9208,   -15,    -3,    -6
9218,    -8,    -6,    -3
9229,    -1,    -7,     1
9238,     5,    -8,     2
9247,     6,    -7,     2
9258,     5,    -5,     2
9267,     3,    -5,     1
9278,     0,    -5,    -1
9288,    -3,    -4,    -3
9297,    -5,    -5,    -5
9308,    -6,    -6,    -5
9317,    -4,    -7,    -3
9328,    -2,    -6,    -1
9337,     1,    -4,     0
9348,     2,    -4,     1
9358,     2,    -3,     1
9367,     1,    -2,     0
9378,    -1,     0,    -1
9387,    -4,     1,    -2
9398,    -5,     3,    -2
9408,    -4,     4,    -1
9418,    -1,     3,     0
9428,     1,    -1,     0
9437,     2,    -5,     0
9448,     3,    -6,    -1
9457,     4,    -2,    -1
9467,     6,     1,    -1
9478,     8,     3,     0
9487,     8,     6,     1
9498,     6,     9,     1
9508,     4,    10,     1
9517,     1,     6,     1
9528,    -2,     0,     1
9537,    -3,    -4,     1
9548,    -3,    -5,     2
9557,    -1,    -3,     3
9568,     1,    -1,     4
9578,     2,     2,     4
9587,     3,     2,     4
9598,     3,     3,     3
9607,     2,     3,     1
9618,     4,     2,    -1
9627,     5,     1,    -2
9638,     6,    -2,    -3
9648,     5,    -7,    -4
9657,     6,   -12,    -4
9668,    13,   -16,    -7
9677,    23,   -12,    -8
9688,    32,    -6,    -9
9697,    38,    -4,   -10
9707,    38,    -8,   -12
9718,    33,   -15,   -14
9727,    24,   -20,   -15
9738,    13,   -23,   -16
9747,     5,   -24,   -17
9758,     0,   -21,   -16
9767,    -4,   -17,   -12
9777,    -9,   -13,    -7
9788,   -12,    -8,    -2
9797,   -14,    -7,     0
9808,   -14,    -8,     0
9817,   -15,    -8,     1
9828,   -14,    -9,     1
9837,   -12,    -8,     2
9847,   -10,    -7,     4
9858,    -9,   -10,     5
9867,    -6,   -10,     6
9878,    -5,    -6,     8
9887,    -6,    -3,    11
9896,    -9,     3,    13
9907,   -16,     2,    12
9917,   -23,    -5,     8
9928,   -28,   -12,     4
9937,   -31,   -16,     2
9948,   -31,   -11,     4
9957,   -30,     1,     6
9967,   -23,    12,     7
9978,   -13,    13,     7
9987,    -5,     4,     6
9998,     1,    -7,     3
10007,     3,   -10,     0
10016,     4,    -9,    -2
10027,     4,    -9,    -3
10037,     4,    -7,    -4
10048,     4,    -3,    -4
10057,     3,     4,    -3
10066,     2,    11,    -1
10077,     1,    13,     0
10087,    -3,    10,    -2
10098,    -7,    -1,    -5
10107,   -10,    -7,    -6
10118,   -11,    -1,    -5
10127,   -11,     7,    -3
10136,    -6,     9,    -2
10147,    -1,    -6,    -4
10157,     1,    -1,    -1
10168,     3,     6,     2
10177,     5,     6,     3
10186,     5,     1,     1
10197,     3,    -4,     1
10206,     0,    -9,     1
10217,    -3,   -10,     0
10227,    -4,    -6,     0
10238,    -5,     1,     0
10247,    -6,     5,     1
10256,    -7,     4,     1
10267,    -7,     1,     1
10277,    -4,     0,     1
10288,    -1,    -1,     2
10297,     4,    -1,     3
10306,     7,    -2,     4
10317,     6,    -5,     5
10326,     5,    -8,     4
10337,     2,    -7,     3
10347,     0,    -3,     2
10356,    -2,     0,     2
10367,    -4,     2,     2
10376,    -3,     3,     2
10387,     0,     2,     4
10397,     3,    -1,     5
10407,     5,    -6,     5
10417,     5,   -10,     4
10426,     5,   -12,     4
10437,     4,   -13,     3
10446,     3,   -15,     3
10457,     2,   -12,     2
10467,     0,    -5,     1
10476,     0,     0,     1
10487,     0,     4,     0
10496,     1,     2,     0
10507,     2,    -4,     1
10517,     3,   -10,     5
10526,     7,   -10,     9
10537,    10,    -5,    14
10546,    12,    -1,    17
10557,    12,     1,    20
10566,    10,     3,    21
10576,     8,     4,    21
10587,     3,     6,    20
10596,    -3,     6,    18
10607,   -11,     6,    19
10616,   -19,     6,    19
10627,   -27,     3,    17
10637,   -35,    -4,    12
10646,   -41,   -17,     5
10657,   -43,   -30,    -2
10666,   -44,   -39,    -7
10677,   -42,   -41,    -8
10686,   -35,   -33,    -6
10696,   -25,   -18,     6
10707,   -17,     5,    30
10716,    -9,    33,    56
10727,     3,    50,    66
10736,    13,    43,    58
10746,    19,    17,    43
10757,    18,   -16,    31
10766,    11,   -41,    23
10777,     0,   -50,    19
10786,    -9,   -37,    23
10795,   -12,    -8,    31
10806,    -7,    19,    37
10816,     3,    31,    37
10827,    14,    29,    31
10836,    21,    18,    23
10847,    21,     7,    17
10856,    17,     1,    10
10866,    13,    -4,     5
10877,    10,    -6,     4
10886,    10,    -7,     6
10897,    10,    -4,     8
10906,     9,     0,     9
10915,     7,     0,     9
10926,     6,    -4,     8
10936,     4,    -7,     5
10947,     2,    -9,     3
10956,     0,   -10,     0
10967,     0,   -11,     1
10976,     0,   -12,     3
10986,     0,   -10,     5
10996,     0,    -8,     5
11006,    -1,    -8,     4
11015,    -1,    -8,     3
11026,    -1,    -7,     1
11036,     0,    -5,    -1
11047,     0,    -2,    -3
11056,     2,     2,    -4
11065,     5,     4,    -3
11076,     9,     5,     0
11085,    13,     6,     3
11096,    15,     6,     5
11106,    14,     3,     4
11117,    10,     1,     3
11126,     4,    -1,     1
11135,    -1,    -2,    -1
11146,    -7,    -2,    -2
11156,   -10,    -2,    -4
11167,   -12,    -2,    -3
11176,   -11,    -1,    -2
11185,    -9,    -1,    -1
11196,    -4,    -3,     1
11205,     3,    -2,     1
11216,     8,     1,     1
11226,    12,     2,     0
11235,    13,     2,     0
11246,    12,     2,     0
11255,     9,     3,    -1
11266,     4,     3,    -2
11276,    -1,     2,    -3
11285,    -3,     2,    -4
11296,    -4,     3,    -3
11305,    -3,     2,    -2
11316,    -1,    -1,    -1
11326,     1,    -4,    -1
11336,     1,    -5,    -1
11346,     1,    -2,    -2
11355,     0,     1,    -2
11366,     1,     2,    -3
11375,     1,     2,    -3
11386,     2,     1,    -2
11396,     1,     0,    -2
11405,     1,    -1,    -2
11416,     1,    -2,    -3
11425,     0,    -3,    -3
11436,     0,    -1,    -4
11445,    -1,     0,    -4
11455,    -2,     2,    -5
11466,    -2,     3,    -6
11475,    -2,     4,    -7
11486,    -1,     5,    -7
11495,    -1,     6,    -8
11505,     0,     6,    -9
11516,    -1,     4,   -10
11525,    -2,     2,   -10
11536,    -5,     0,    -8
11545,    -6,    -1,    -5
11556,    -7,     1,    -1
11566,    -7,     0,    -1
11575,    -8,    -4,    -2
11586,   -12,    -8,    -5
11595,   -16,   -12,   -10
11606,   -19,   -14,   -14
11615,   -20,   -16,   -18
11625,   -20,   -15,   -21
11636,   -18,   -13,   -24
11645,   -14,   -14,   -27
11656,    -8,   -17,   -29
11665,    -2,   -19,   -30
11675,     3,   -17,   -29
11686,     7,   -12,   -28
11695,     7,    -6,   -29
11706,     1,    14,   -31
11715,    -9,    23,   -30
11726,   -12,    20,   -32
11735,   -15,     9,   -31
11745,   -21,     7,   -32
11756,   -26,    17,   -29
11765,   -25,    27,   -22
11776,   -20,    30,   -19
11785,   -15,    31,   -17
11795,    -9,    30,   -16
11806,     0,    20,   -18
11815,     6,    11,   -24
11826,     6,    10,   -29
11835,     6,    13,   -31
11844,     6,    15,   -30
11855,     9,    15,   -30
11865,    11,    20,   -25
11876,    12,    17,   -23
11885,    16,    16,   -19
11894,    19,    19,   -14
11905,    19,    18,    -9
11915,    15,    15,    -6
11925,    10,    13,    -5
11935,     1,    16,    -4
11946,    -6,    25,    -5
11955,   -11,    26,    -7
11964,   -12,    18,    -9
11975,    -9,     8,   -10
11985,    -8,    -2,   -10
11996,    -3,    -8,    -9
12005,     4,    -7,    -6
12014,    13,     1,    -1
12025,    19,    11,     5
12034,    24,    18,    10
12045,    26,    20,    13
12055,    24,    16,    11
12066,    18,    10,     6
12075,    10,     4,     2
12084,     3,     0,     0
12095,    -5,    -2,    -1
12105,   -10,    -4,    -1
12115,   -12,    -5,     1
12125,   -11,    -7,     4
12134,    -9,    -8,     8
12145,    -6,    -8,    10
12154,    -4,    -8,    10
12165,    -4,    -9,     7
12175,    -5,    -7,     3
12185,    -5,    -3,     0
12195,    -5,     5,    -2
12204,    -4,    11,    -2
12215,    -1,    11,    -2
12224,     4,     6,     0
12235,     8,     1,     1
12244,     9,    -4,     3
12255,     7,    -7,     5
12265,     1,    -9,     5
12274,    -6,   -10,     4
12285,   -11,   -10,     2
12294,   -13,    -9,     1
12305,   -12,    -7,     0
12315,    -8,    -4,     1
12324,    -2,     0,     1
12335,     4,     4,     2
12344,     8,     7,     1
12355,    10,     5,     0
12364,    12,     2,    -1
12375,    11,    -1,    -2
12385,     9,    -2,    -1
12394,     7,    -1,     1
12405,     5,     1,     2
12414,     1,     1,     3
12425,    -3,     1,     2
12435,    -8,     1,     0
12444,   -11,     0,    -2
12455,   -12,    -1,    -2
12464,   -10,    -2,    -2
12475,    -7,    -2,    -1
12484,    -3,    -1,     1
12494,     3,    -1,     2
12505,     7,    -1,     2
12514,     7,     0,     2
12525,     6,     1,     1
12535,     4,     2,     1
12544,     1,     2,     0
12555,    -2,     1,    -1
12564,    -4,     1,    -2
12575,    -4,     1,    -3
12585,    -3,     0,    -2
12594,     0,     0,    -1
12605,     3,    -1,     0
12614,     5,    -1,     0
12625,     5,     0,     0
12634,     5,     1,    -2
12644,     5,     1,    -4
12655,     6,     3,    -6
12664,     8,     3,    -8
12675,    12,     2,    -9
12684,    16,     2,   -11
12694,    22,     4,   -12
12705,    30,     6,   -11
12714,    37,     8,   -10
12725,    44,     8,    -7
12734,    45,     2,     3
12743,    40,   -12,    20
12754,    23,   -31,    35
12764,     1,   -52,    44
12775,   -18,   -63,    51
12784,   -30,   -55,    56
12795,   -41,   -26,    54
12804,   -52,    11,    50
12814,   -62,    41,    44
12825,   -68,    50,    33
12834,   -67,    39,    25
12845,   -58,    20,    21
12854,   -38,     0,    21
12863,   -15,   -13,    18
12874,     3,   -16,    15
12884,    12,    -8,    10
12895,    14,     8,     7
12904,     8,    26,     7
12913,     0,    45,     6
12924,    -3,    60,     7
12934,     3,    61,     9
12945,    12,    49,    14
12954,    18,    22,    20
12965,    18,   -13,    21
12974,    10,   -42,    20
12983,    -4,   -56,    17
12994,   -18,   -53,    15
13004,   -30,   -43,    15
13015,   -38,   -33,    15
13024,   -39,   -25,    14
13033,   -34,   -24,     9
13044,   -25,   -27,     4
13053,   -16,   -31,     0
13064,    -9,   -28,    -1
13074,    -4,   -19,    -1
13083,     0,    -8,     1
13094,     4,     1,     2
13103,     8,     9,     2
13114,    11,    16,     3
13124,    14,    21,     2
13133,    17,    21,     1
13144,    16,    13,     0
13153,    10,     1,    -1
13164,     1,   -11,    -2
13174,    -5,   -18,    -4
13185,    -5,   -21,    -6
13194,    -4,   -20,    -7
13203,    -1,   -16,    -6
13214,     1,    -9,    -4
13223,     4,    -5,    -3
13234,     7,    -6,    -3
13244,     9,    -9,    -3
13253,    12,    -9,    -4
13264,    13,    -5,    -5
13273,     9,     3,    -6
13284,     3,     9,    -7
13294,    -1,    10,    -8
13303,    -3,     9,    -7
13314,    -3,     6,    -6
13323,     1,     1,    -5
13334,     5,    -3,    -4
13343,     9,    -3,    -4
13353,    10,    -3,    -4
13364,     8,    -2,    -6
13373,     6,    -1,    -6
13384,     4,    -2,    -6
13393,     3,    -3,    -4
13403,     3,    -5,    -3
13414,     3,    -8,    -4
13423,     5,    -9,    -4
13434,     8,    -7,    -4
13443,    11,    -1,    -4
13454,    11,     4,    -3
13463,    11,     6,    -3
13473,    10,     8,    -3
13484,     9,     8,    -4
13493,     8,     6,    -5
13504,     7,     4,    -6
13513,     7,     3,    -6
13523,     9,     3,    -7
13534,    10,     3,    -7
13543,    11,     3,    -7
13554,    12,     4,    -8
13563,    12,     5,   -11
13573,    14,     6,   -16
13584,    14,     5,   -24
13593,    14,     1,   -34
13604,    12,    -7,   -43
13613,     9,   -19,   -50
13623,     4,   -30,   -51
13634,     1,   -38,   -46
13643,     1,   -43,   -36
13654,     0,   -47,   -27
13663,    -3,   -47,   -19
13672,    -9,   -43,   -16
13683,   -13,   -37,   -16
13693,   -10,   -24,   -16
13704,     1,   -11,   -13
13713,    14,     1,    -6
13724,    22,     5,     2
13733,    20,    -1,     7
13743,    10,   -15,    10
13754,    -4,   -29,     8
13763,   -15,   -38,     2
13774,   -20,   -38,    -3
13783,   -20,   -31,    -6
13792,   -14,   -16,    -5
13803,    -3,     3,     1
13813,     7,    24,    11
13824,    15,    37,    21
13833,    19,    40,    28
13842,    20,    34,    31
13853,    17,    19,    29
13863,     8,     2,    25
13874,    -7,   -12,    22
13883,   -24,   -19,    19
13892,   -36,   -20,    15
13903,   -41,   -20,    11
13912,   -41,   -17,     9
13923,   -35,   -12,    10
13933,   -24,    -6,    12
13944,    -7,     4,    14
13953,    12,    13,    15
13962,    27,    20,    15
13973,    35,    23,    15
13983,    35,    24,    13
13994,    31,    22,    11
14003,    24,    19,     8
14012,    16,    14,     5
14023,     8,     9,     3
14032,     1,     4,     2
14044,    -4,     0,     1
14053,    -7,    -4,     0
14062,    -7,    -8,     0
14073,    -5,    -8,     1
14083,    -2,    -6,     2
14092,     1,    -4,     3
14103,     3,    -2,     4
14112,     4,     0,     5
14123,     4,     0,     5
14133,     3,     1,     4
14142,     2,     2,     3
14153,     0,     2,     2
14162,    -1,     1,     1
14173,    -1,     0,    -1
14182,    -2,    -1,    -2
14193,    -2,    -2,    -2
14203,    -2,    -3,    -3
14212,    -2,    -2,    -2
14223,    -1,     0,    -1
14232,     2,     1,     0
14243,     4,     2,     1
14253,     6,     4,     2
14262,     7,     4,     2
14273,     6,     5,     2
14282,     5,     5,     1
14293,     4,     4,     0
14302,     2,     2,     0
14312,     0,    -1,     0
14323,    -1,    -5,    -1
14332,    -1,    -7,    -2
14343,    -3,    -7,    -3
14352,    -4,    -6,    -3
14362,    -3,    -4,    -3
14373,    -2,    -4,    -3
14382,    -1,    -5,    -3
14393,     0,    -5,    -3
14402,     0,    -5,    -2
14412,     0,    -5,    -1
14423,    -1,    -6,    -1
14432,    -3,    -6,     0
14443,    -4,    -6,    -1
14452,    -5,    -6,    -1
14463,    -5,    -7,    -1
14472,    -5,    -5,    -1
14482,    -6,    -4,    -2
14493,    -6,    -4,    -3
14502,    -5,    -4,    -4
14513,    -5,    -4,    -4
14522,    -8,    -3,    -3
14532,   -12,    -3,    -2
14543,   -17,    -2,     2
14552,   -23,     1,     3
14563,   -27,     5,     2
14572,   -26,     8,    -2
14582,   -25,     9,    -7
14592,   -24,     4,   -13
14602,   -24,    -5,   -15
14613,   -19,   -14,   -14
14622,   -11,   -19,   -12
14631,    -6,   -23,   -13
14642,    -4,   -27,   -18
14652,    -7,   -27,   -25
14663,   -12,   -20,   -30
14672,   -17,   -10,   -31
14683,   -25,    -4,   -28
14692,   -33,    -4,   -22
14702,   -41,    -7,   -22
14712,   -48,   -12,   -29
14722,   -47,   -20,   -41
14733,   -44,   -27,   -49
14742,   -41,   -25,   -46
14751,   -41,   -15,   -36
14762,   -39,    -1,   -26
14772,   -35,    11,   -18
14783,   -29,    17,   -14
14792,   -22,    20,   -11
14801,   -14,    21,    -7
14812,    -4,    19,    -4
14821,     5,    14,    -3
14832,    11,     8,    -2
14842,    12,     0,    -2
14853,     9,    -6,     0
14862,     5,    -9,     3
14871,     0,    -7,     6
14882,    -4,     0,     8
14892,    -7,     6,    10
14902,   -10,    10,    11
14912,   -10,     9,    11
14921,    -7,     8,    11
14932,    -2,     7,    11
14941,     3,     4,    12
14952,     8,    -1,    13
14962,    10,    -4,    12
14973,    10,    -4,    11
14982,     8,     0,    10
14991,     6,     4,     8
15002,     4,     7,     5
15011,     1,     8,     2
15022,    -3,     8,     1
15032,    -6,     7,     3
15041,    -6,     5,     5
15052,    -3,     1,     7
15061,     0,    -5,     7
15072,     4,    -8,     6
15082,     7,    -5,     7
15092,    11,     1,     7
15102,    13,     7,     6
15111,    14,    10,     4
15122,    12,    10,     2
15131,     8,     7,     0
15142,     1,     4,    -1
15152,    -6,     1,    -2
15162,   -12,    -2,    -3
15172,   -14,    -6,    -3
15181,   -14,    -7,    -3
15192,   -10,    -6,    -2
15201,    -5,    -3,    -1
15212,     0,     0,     0
15222,     3,     2,     1
15231,     4,     3,     1
15242,     3,     3,     1
15251,     0,     2,     1
15262,    -2,     1,     1
15271,    -5,     0,     2
15281,    -6,    -1,     2
15292,    -7,    -2,     2
15301,    -7,    -4,     2
15312,    -6,    -4,     1
15321,    -5,    -5,     2
15332,    -3,    -5,     2
15342,    -1,    -5,     4
15351,     1,    -4,     4
15362,     3,    -2,     5
15372,     4,    -3,     5
15381,     4,    -5,     5
15392,     4,    -7,     5
15401,     2,    -8,     4
15411,    -2,    -9,     3
15422,    -4,    -7,     1
15431,    -7,    -4,    -2
15441,    -8,    -2,    -4
15452,    -8,     1,    -5
15461,    -7,     2,    -6
15472,    -7,     2,    -6
15481,   -10,     0,    -5
15492,   -16,    -3,    -6
15501,   -24,    -4,   -10
15511,   -32,    -5,   -19
15522,   -40,    -3,   -32
15531,   -44,     2,   -45
15542,   -44,    10,   -53
15551,   -38,    22,   -53
15561,   -27,    33,   -46
15572,   -14,    38,   -37
15581,     1,    38,   -30
15592,    12,    31,   -24
15601,    16,    20,   -21
15611,    15,     6,   -22
15622,    11,   -11,   -24
15631,     3,   -22,   -25
15642,    -6,   -23,   -27
15651,   -12,   -17,   -28
15660,   -10,    -9,   -29
15671,     0,     0,   -26
15681,    11,     9,   -21
15692,    19,    15,   -16
15701,    22,    14,   -15
15712,    25,     7,   -17
15721,    25,    -1,   -16
15730,    23,    -5,   -13
15741,    21,    -5,   -12
15751,    22,     0,   -12
15762,    23,     6,   -11
15771,    21,    13,    -9
15780,    18,    18,    -6
15791,    15,    18,    -5
15800,    11,    14,    -4
15811,     5,     8,    -2
15821,     1,     2,    -1
15832,    -2,    -4,    -1
15841,    -4,    -9,     0
15850,    -4,    -9,     1
15861,    -3,    -7,     3
15870,     0,    -5,     5
15881,     2,    -4,     7
15891,     4,    -5,     7
15902,     5,    -4,     7
15911,     5,    -3,     6
15920,     4,    -1,     5
15931,     2,    -1,     3
15940,     1,    -2,     1
15951,    -1,    -1,     0
15961,    -1,    -1,    -1
15970,    -1,    -1,    -1
15981,    -1,    -2,    -1
15990,    -1,    -1,    -1
16001,    -1,     1,    -1
16010,    -1,     2,    -1
16021,    -1,     2,     0
16031,     0,     2,     0
16040,     1,     1,     1
16051,     1,     1,     1
16060,     0,     1,     1
16071,    -2,     0,     0
16080,    -4,     0,    -1
16091,    -6,     1,    -2
16101,    -7,     3,    -3
16110,    -7,     4,    -4
16121,    -5,     4,    -5
16130,    -2,     4,    -5
16141,     0,     3,    -4
16151,     2,     3,    -3
16160,     3,     2,    -3
16171,     3,     3,    -4
16180,     3,     4,    -4
16191,     4,     6,    -5
16200,     5,     7,    -6
16210,     7,     8,    -6
16221,    10,     7,    -6
16230,    13,     4,    -7
16241,    15,     0,    -8
16250,    16,    -4,    -8
16261,    16,    -8,    -9
16270,    15,   -10,    -8
16280,    15,   -10,    -6
16291,    15,    -6,    -5
16300,    16,     3,    -5
16311,    18,    19,    -4
16320,    20,    32,    -3
16331,    22,    34,    -4
16340,    20,    21,    -6
16350,    15,    -2,    -9
16361,    11,   -23,   -12
16370,     7,   -34,   -12
16381,     5,   -36,   -11
16390,     7,   -31,    -9
16400,    12,   -21,    -6
16411,    21,    -7,     0
16420,    28,    16,     7
16431,    30,    44,    15
16440,    29,    54,    18
16451,    25,    34,    19
16460,    18,     0,    19
16470,    12,   -26,    19
16480,     8,   -34,    19
16490,     8,   -30,    18
16501,     7,   -14,    17
16510,     3,    15,    15
16521,    -4,    53,    11
16530,   -11,    73,     6
16540,   -11,    67,    -2
16551,   -11,    47,    -6
16560,   -11,    24,    -7
16571,   -10,     6,    -6
16580,    -9,    -1,    -5
16589,    -6,    -3,    -3
16600,    -2,    -2,    -1
16610,     0,    -1,    -1
16621,    -1,     0,     0
16630,    -3,    -1,     0
16639,    -6,    -2,     0
16650,    -9,    -5,    -1
16660,   -11,    -9,    -2
16671,   -13,   -11,    -2
16680,   -12,   -11,    -1
16691,   -10,   -10,    -1
16700,    -6,    -8,    -1
16709,    -1,    -4,    -1
16720,     3,    -1,     0
16730,     6,     1,     0
16741,     6,     1,     0
16750,     3,     1,     0
16759,     1,     0,    -1
16770,    -2,    -1,    -1
16779,    -4,    -3,    -1
16790,    -4,    -3,    -1
16800,    -3,    -1,     0
16811,    -1,     0,     1
16820,    -1,     2,     1
16829,     0,     3,     1
16840,    -1,     2,     1
16849,    -3,     1,     0
16860,    -4,     0,    -1
16870,    -4,     0,    -2
16879,    -4,     1,    -2
16890,    -3,     2,    -3
16899,    -2,     3,    -3
16910,     0,     3,    -2
16919,     1,     3,    -1
16930,     0,     3,     1
16940,     0,     3,     2
16949,    -2,     2,     1
16960,    -5,    -1,     1
16969,    -7,    -4,     1
16980,    -9,    -6,     1
16989,    -9,    -7,     1
17000,    -8,    -6,     0
17010,    -6,    -3,     0
17019,    -4,    -2,     0
17030,    -1,    -1,     0
17039,     1,     1,     0
17050,     4,     3,    -1
17060,     5,     4,    -2
17069,     6,     5,    -1
17080,     8,     6,    -1
17089,    11,     6,     1
17100,    13,     7,     1
17110,    15,     8,     2
17119,    16,    10,     4
17130,    18,    12,     5
17139,    19,    14,     8
17150,    21,    15,    11
17159,    20,    13,    17
17169,    15,    10,    29
17180,     5,     6,    41
17189,    -9,    -2,    50
17200,   -22,   -12,    53
17209,   -31,   -22,    52
17220,   -34,   -29,    49
17229,   -31,   -33,    44
17239,   -23,   -33,    40
17250,   -16,   -31,    39
17259,   -12,   -24,    45
17270,   -11,   -14,    55
17279,    -9,    -2,    64
17289,    -6,     9,    66
17299,    -3,    15,    62
17309,    -2,    20,    55
17320,    -3,    25,    45
17329,    -6,    25,    35
17340,   -11,    17,    25
17349,   -15,     4,    15
17359,   -19,    -7,     9
17370,   -17,   -12,     6
17379,   -12,    -9,     4
17390,    -6,    -3,     3
17399,     3,     4,     0
17408,    11,     7,    -3
17419,    18,     8,    -5
17429,    21,     8,    -6
17440,    21,     6,    -8
17449,    18,     3,    -9
17460,    14,     0,   -11
17469,     9,    -2,   -13
17479,     3,    -3,   -13
17489,    -1,    -2,   -11
17499,    -4,     0,    -9
17510,    -3,     2,    -8
17519,     1,     2,    -7
17528,     4,     1,    -5
17539,     5,     0,    -3
17549,     3,    -1,    -2
17560,     2,    -2,    -2
17569,     0,    -1,    -3
17580,    -2,     1,    -5
17589,    -3,     2,    -6
17598,    -4,     1,    -7
17609,    -3,     2,    -6
17619,    -2,     2,    -4
17630,     0,     1,    -2
17639,     2,    -2,    -1
17649,     2,    -3,     0
17660,     2,    -2,     0
17669,     1,    -2,    -1
17679,     0,    -2,    -2
17690,    -1,    -1,    -3
17699,    -1,     0,    -3
17708,     0,     1,    -3
17719,     2,     3,    -1
17729,     4,     5,     1
17738,     6,     4,     3
17749,     7,     1,     3
17759,     6,    -1,     3
17768,     5,    -3,     2
17779,     3,    -3,     1
17789,     0,    -3,     1
17798,    -3,    -2,     1
17809,    -4,    -2,     1
17818,    -3,    -3,     0
17830,    -2,    -3,     0
17839,     0,    -1,     1
17848,     1,     0,     2
17859,     1,     0,     2
17869,    -1,     0,     2
17878,    -2,     2,     2
17889,    -4,     4,     0
17899,    -4,     5,    -2
17908,    -4,     7,    -5
17919,    -3,     8,    -7
17929,     0,    10,    -8
17938,     2,    13,    -8
17949,     5,    15,    -6
17959,     4,    10,    -5
17968,     1,    -5,    -3
17979,    -4,   -22,    -1
17988,   -10,   -32,     0
17998,   -13,   -34,    -2
18009,   -14,   -33,    -5
18018,   -14,   -29,    -9
18028,   -12,   -19,   -12
18039,    -9,    -5,   -13
18048,    -8,     6,   -11
18059,    -9,    13,    -9
18069,   -11,    10,    -8
18078,   -14,    -2,    -8
18089,   -14,   -21,   -10
18099,   -13,   -36,   -12
18108,   -13,   -42,   -12
18119,   -14,   -38,   -11
18128,   -11,   -27,    -7
18138,    -5,   -12,     0
18149,     1,    -3,     9
18158,     6,    -3,    17
18168,    10,    -7,    23
18179,    13,   -11,    24
18188,    13,   -16,    23
18198,    11,   -20,    20
18209,     7,   -21,    14
18218,     3,   -19,     9
18229,    -2,   -13,     6
18238,    -7,    -6,     5
18248,   -10,     2,     5
18259,    -9,     9,     4
18268,    -7,    13,     6
18279,    -5,    15,     7
18288,    -2,    12,     9
18299,     1,     8,     8
18308,     4,     3,     7
18318,     7,     0,     5
18328,     7,     0,     1
18338,     6,     2,    -2
18349,     4,     6,    -6
18358,     1,     7,    -9
18369,    -2,     5,   -11
18378,    -3,     1,   -11
18387,    -2,    -2,   -11
18398,    -1,    -4,    -9
18408,     2,    -4,    -7
18419,     4,    -3,    -7
18428,     5,    -4,    -7
18439,     6,    -3,    -7
18448,     5,    -2,    -6
18457,     4,     0,    -5
18468,     3,     2,    -3
18478,     3,     3,    -1
18488,     2,     2,     1
18498,     2,     1,     1
18509,     0,     1,     0
18518,    -2,     2,    -1
18527,    -4,     3,    -2
18538,    -5,     4,    -2
18547,    -6,     3,    -2
18558,    -5,     2,    -1
18568,    -4,     2,     0
18579,    -2,     3,     1
18588,    -1,     5,     2
18598,    -1,     6,     2
18607,    -1,     6,     2
18618,    -3,     4,     1
18628,    -4,    -1,     0
18637,    -5,    -5,    -1
18648,    -6,    -6,    -1
18658,    -5,    -7,    -1
18668,    -4,    -6,     0
18678,    -1,    -4,     0
18687,     3,    -2,     1
18698,     6,     0,     2
18708,     9,     1,     1
18717,    11,     0,    -1
18728,    13,    -1,    -2
18738,    14,     0,    -3
18747,    15,     3,    -4
18758,    17,     6,    -5
18768,    19,    11,    -6
18777,    22,    14,    -7
18788,    24,    18,    -5
18797,    25,    20,     0
18807,    26,    22,     6
18818,    30,    21,    12
18827,    36,    17,    19
18838,    43,    11,    27
18848,    48,     6,    35
18857,    49,     0,    40
18868,    45,    -6,    42
18878,    34,   -13,    44
18887,    15,   -23,    38
18898,   -12,   -33,    27
18908,   -41,   -45,    18
18917,   -66,   -46,    20
18928,   -86,   -20,    38
18938,   -87,    22,    61
18947,   -63,    54,    75
18958,   -23,    65,    75
18967,    16,    56,    61
18977,    37,    39,    41
18988,    33,    28,    22
18997,    15,    19,     7
19007,    -6,     8,    -7
19018,   -22,    -4,   -20
19027,   -32,   -13,   -28
19038,   -37,   -18,   -31
19048,   -36,   -20,   -30
19057,   -27,   -21,   -26
19068,   -12,   -19,   -21
19078,     4,   -13,   -16
19087,    16,    -5,   -12
19098,    24,     2,    -7
19108,    26,     8,    -2
19117,    25,    13,     3
19128,    21,    14,     7
19137,    15,    11,    10
19147,     6,     6,    10
19158,    -4,     0,     8
19167,   -12,    -4,     6
19177,   -17,    -5,     4
19188,   -19,    -4,     3
19197,   -18,    -3,     3
19207,   -14,    -4,     4
19218,   -10,    -4,     6
19227,    -6,    -2,     7
19237,    -3,    -1,     9
19248,    -1,    -1,    11
19257,     2,    -3,    12
19266,     3,    -4,    12
19278,     2,    -4,    10
19287,    -1,    -6,     7
19298,    -6,    -6,     5
19307,   -10,    -5,     3
19317,   -11,    -4,     2
19328,   -10,    -5,     1
19337,    -8,    -7,     0
19347,    -5,    -9,    -1
19358,    -1,    -8,    -1
19367,     4,    -5,     0
19377,     7,    -3,     1
19388,     7,    -2,     2
19397,     7,    -1,     3
19406,     5,    -2,     3
19417,     2,    -4,     1
19427,    -1,    -6,     0
19436,    -3,    -7,     0
19447,    -5,    -7,    -1
19457,    -4,    -6,    -1
19466,    -3,    -5,    -1
19477,    -2,    -4,    -1
19487,    -1,    -2,    -2
19498,    -1,     1,    -2
19507,    -1,     3,    -2
19517,    -1,     3,    -2
19528,    -1,     3,    -2
19537,    -2,     3,    -2
19547,    -5,     1,    -3
19558,    -7,    -2,    -4
19567,   -10,    -6,    -5
19576,   -13,   -10,    -7
19588,   -14,   -12,    -8
19597,   -12,   -13,    -8
19606,    -6,   -13,    -7
19617,     1,   -11,    -5
19627,     8,    -9,    -4
19636,    12,    -9,    -3
19647,    12,   -12,    -3
19657,     9,   -16,    -4
19666,     5,   -20,    -8
19677,    -1,   -21,   -12
19687,    -7,   -19,   -16
19696,    -9,   -15,   -19
19707,    -7,   -10,   -20
19716,    -3,    -3,   -20
19727,     4,     4,   -18
19737,    11,     9,   -14
19748,    17,    10,    -9
19757,    19,     7,    -6
19766,    17,     0,    -5
19777,     8,    -5,    -5
19786,    -5,    -8,    -6
19797,   -15,    -8,    -8
19806,   -20,    -4,   -10
19817,   -20,     4,   -10
19827,   -18,     6,   -10
19836,   -13,     3,    -7
19847,    -5,    -1,    -3
19856,     2,    -5,     3
19867,     7,    -8,     9
19876,     3,    -4,    14
19887,    -9,     9,    15
19896,   -23,    22,    11
19906,   -36,    30,     3
19917,   -47,    34,    -4
19926,   -53,    33,   -10
19937,   -52,    26,   -11
19946,   -44,    18,   -10
19957,   -32,     5,    -8
19966,   -20,    -5,    -7
19976,    -8,    -3,    -4
19987,     3,    10,    -1
19996,    12,    24,     1
20006,    19,    33,     2
20017,    23,    32,     3
20026,    22,    27,     3
20037,    19,    19,     2
20047,    15,    10,     1
20056,     8,     2,    -2
20067,     1,    -2,    -4
20077,    -5,    -5,    -5
20086,    -7,    -6,    -3
20096,    -6,    -7,     0
20107,    -5,    -8,     2
20116,    -4,    -8,     5
20127,    -2,    -8,     5
20136,    -1,    -9,     3
20145,     0,   -10,     2
20156,     1,   -10,     2
20166,     0,    -7,     3
20177,    -1,    -5,     4
20186,    -3,    -5,     4
20197,    -3,    -6,     4
20206,    -1,    -6,     5
20217,     1,    -5,     5
20226,     3,    -2,     5
20236,     2,    -1,     4
20246,    -1,    -4,     3
20256,    -4,    -6,     2
20267,    -6,    -7,     0
20276,    -7,    -6,     0
20287,    -4,    -4,     0
20296,     1,    -1,     1
20305,     6,     3,     3
20316,     8,     5,     5
20326,     7,     4,     5
20337,     4,     0,     4
20346,    -1,    -6,     1
20357,    -7,   -12,    -1
20366,   -12,   -14,    -2
20375,   -13,   -13,    -2
20386,   -10,   -10,     0
20396,    -6,    -7,     2
20406,    -2,    -6,     4
20416,     1,    -5,     4
20427,     1,    -3,     2
20436,    -5,    -4,    -2
20445,   -13,    -8,    -6
20456,   -22,   -12,    -9
20466,   -28,   -16,   -11
20476,   -29,   -21,   -11
20486,   -25,   -25,   -10
20497,   -16,   -27,    -7
20506,    -2,   -25,    -6
20515,     9,   -17,   -11
20526,    15,   -11,   -22
20535,    19,   -12,   -30
20546,    21,   -12,   -32
20556,    19,    -6,   -28
20567,    14,     0,   -23
20576,     9,     3,   -17
20585,     7,     4,   -10
20596,     6,     4,    -5
20605,     6,     7,    -3
20616,     4,     9,    -5
20626,     2,     9,   -11
20636,    -3,     8,   -17
20646,    -9,     4,   -22
20655,   -16,    -3,   -24
20666,   -22,   -11,   -24
20675,   -24,   -15,   -27
20686,   -23,   -17,   -32
20696,   -16,   -14,   -37
20705,    -4,    -6,   -41
20716,    10,     6,   -41
20725,    21,    22,   -36
20736,    25,    34,   -29
20746,    21,    37,   -24
20755,    12,    28,   -21
20766,     6,    13,   -22
20775,     3,     1,   -24
20786,     4,    -1,   -28
20795,     8,     3,   -31
20806,    13,    11,   -29
20815,    19,    18,   -22
20825,    26,    26,   -16
20836,    31,    28,   -14
20845,    33,    25,   -15
20856,    32,    20,   -18
20865,    29,    14,   -19
20876,    24,     8,   -18
20886,    19,     3,   -14
20895,    15,     1,    -9
20906,    12,     2,    -6
20915,     8,     2,    -4
20925,     2,     1,    -4
20936,    -5,    -1,    -3
20945,   -12,    -2,    -3
20955,   -18,    -3,    -3
20966,   -19,    -4,    -2
20975,   -15,    -5,    -2
20986,   -10,    -5,    -1
20995,    -4,    -3,     1
21005,     2,    -1,     2
21016,     7,     0,     2
21025,     9,     0,     2
21035,     7,    -2,     1
21046,     2,    -2,     0
21055,    -2,    -2,    -2
21065,    -5,    -1,    -2
21076,    -6,    -1,    -1
21085,    -5,    -1,     1
21095,    -3,    -3,     2
21106,    -1,    -5,     2
21115,     0,    -6,     2
21124,     1,    -5,     2
21135,     0,    -3,     1
21145,    -2,    -2,     0
21154,    -3,    -1,    -1
21165,    -4,     0,    -3
21175,    -5,     0,    -3
21186,    -4,     1,    -3
21195,    -3,     1,    -2
21205,    -2,     1,    -1
21216,     0,    -1,     0
21225,     2,    -2,     0
21235,     1,    -2,     1
21246,    -1,    -2,     1
21255,    -1,    -2,     1
21265,    -1,    -3,     1
21276,     0,    -3,     1
21285,     1,    -2,     2
21294,     1,    -1,     2
21306,     0,     0,     0
21315,     0,     0,    -1
21324,    -1,     0,    -2
21335,    -3,     1,    -3
21345,    -5,     1,    -6
21354,    -7,     0,    -8
21365,   -10,    -1,   -11
21375,   -13,    -1,   -13
21384,   -14,    -1,   -15
21395,   -15,     0,   -17
21405,   -14,     4,   -19
21414,   -12,     8,   -20
21425,    -6,    11,   -21
21435,     1,    10,   -24
21446,     5,    10,   -27
21455,     8,     8,   -31
21464,    11,     6,   -31
21475,    15,     3,   -30
21485,    23,     4,   -30
21494,    33,     8,   -30
21505,    40,    12,   -28
21514,    40,    15,   -22
21525,    35,    17,   -17
21535,    27,    16,   -14
21545,    17,    11,   -13
21555,     5,     3,   -12
21564,    -7,   -11,   -10
21575,   -15,   -26,    -8
21585,   -18,   -34,    -5
21594,   -20,   -34,    -2
21605,   -21,   -29,     3
21615,   -19,   -18,     8
21625,   -17,    -6,    12
21635,   -13,    -1,    15
21644,   -10,    -2,    17
21655,    -9,    -9,    21
21665,   -11,   -18,    25
21674,   -14,   -19,    27
21685,   -19,   -18,    27
21694,   -24,   -19,    25
21705,   -25,   -15,    21
21715,   -21,    -5,    18
21724,   -14,     6,    17
21735,    -6,    13,    18
21744,     3,    14,    16
21755,    12,    10,    14
21764,    18,     3,    12
21774,    21,    -3,    10
21785,    21,    -7,     7
21794,    17,    -7,     4
21805,    11,    -6,     1
21814,     5,    -2,    -2
21825,     0,     3,    -4
21835,    -4,     9,    -5
21844,    -4,    16,    -5
21855,    -1,    18,    -4
21864,     2,    16,    -2
21875,     6,     9,    -1
21884,     8,     1,    -1
21894,     9,    -6,    -2
21905,     8,    -9,    -2
21914,     6,    -8,    -3
21925,     3,    -6,    -3
21934,    -1,    -6,    -4
21945,    -2,    -5,    -4
21954,    -2,    -4,    -4
21964,    -1,    -2,    -4
21975,     1,     0,    -3
21984,     4,     1,    -2
21995,     7,    -1,     0
22004,     8,    -2,     1
22014,     7,    -2,     2
22025,     6,    -2,     2
22034,     4,    -2,     3
22045,     2,    -2,     3
22054,     0,    -2,     2
22065,    -1,    -3,     2
22074,    -2,     0,     2
22084,    -2,     4,     1
22095,    -3,     6,     1
22104,    -4,     4,     1
22115,    -4,     1,     1
22124,    -4,    -3,     1
22134,    -5,    -6,     1
22145,    -6,    -6,     2
22154,    -6,    -4,     2
22165,    -5,     0,     3
22174,    -4,     2,     5
22183,    -3,     3,     8
22194,    -4,     3,    10
22204,    -6,     1,    11
22215,    -8,    -1,    11
22224,    -8,    -3,    12
22233,    -8,    -2,    15
22244,    -7,    -1,    21
22254,    -7,     1,    27
22265,    -5,    -2,    35
22274,    -2,   -10,    42
22285,    -1,   -19,    47
22294,     0,   -26,    49
22304,     1,   -33,    49
22313,     3,   -40,    49
22325,     2,   -42,    49
22334,    -2,   -36,    48
22343,    -8,   -27,    46
22353,   -11,   -20,    41
22364,   -11,   -13,    30
22374,   -12,    -8,    13
22383,   -13,    -7,   -10
22395,   -15,   -11,   -37
22404,   -18,   -20,   -55
22413,   -18,   -31,   -53
22423,   -19,   -39,   -29
22434,   -26,   -36,    10
22444,   -29,   -18,    49
22453,   -19,     4,    66
22465,    -1,    21,    63
22474,    16,    25,    49
22484,    27,    17,    34
22494,    32,     7,    24
22504,    32,    -3,    16
22514,    27,   -14,    11
22523,    20,   -21,    11
22534,    12,   -21,    14
22544,     3,   -15,    16
22553,    -6,   -11,    14
22564,   -11,   -14,    10
22574,   -14,   -19,     4
22584,   -14,   -22,     0
22593,   -11,   -22,    -3
22604,    -7,   -21,    -4
22614,    -4,   -19,    -3
22623,    -1,   -15,    -2
22634,     1,   -11,    -1
22644,     3,    -7,     0
22653,     5,    -2,     1
22663,     6,     2,     0
22674,     5,     6,    -2
22684,     5,     7,    -4
22693,     6,     9,    -5
22704,     7,    11,    -4
22714,     8,    10,    -3
22723,     8,     5,    -2
22733,     8,     0,     0
22744,     5,    -1,     2
22753,     1,    -1,     2
22763,    -3,    -2,     1
22774,    -7,    -3,    -1
22784,    -9,    -3,    -3
22793,   -10,    -3,    -4
22803,    -8,    -3,    -3
22814,    -4,    -2,    -1
22823,     0,    -1,     1
22833,     3,     0,     3
22844,     5,     0,     4
22853,     6,     1,     5
22863,     7,     4,     4
22874,     6,     6,     2
22883,     4,     5,    -1
22894,     3,     4,    -4
22904,     1,     2,    -6
22913,    -1,     1,    -6
22923,    -2,    -1,    -5
22934,    -1,    -3,    -4
22943,     0,    -4,    -2
22953,     0,    -3,    -1
22963,     0,    -1,    -1
22974,     1,     1,    -2
22983,     1,     2,    -2
22993,     1,     2,    -2
23004,     1,     2,    -1
23014,     0,     1,     0
23023,     0,    -2,     1
23033,     0,    -4,     2
23044,    -1,    -6,     2
23053,    -3,    -6,     1
23063,    -6,    -6,     0
23074,    -8,    -6,    -2
23083,   -12,    -8,    -3
23093,   -16,   -13,    -5
23102,   -18,   -18,    -6
23114,   -17,   -22,    -7
23123,   -13,   -24,    -8
23133,    -8,   -21,    -9
23142,    -2,   -16,   -10
23153,     5,    -8,   -11
23163,    12,     0,   -11
23172,    17,     8,   -10
23183,    22,     9,    -9
23193,    24,     7,    -7
23202,    24,     4,    -5
23214,    23,     2,    -4
23223,    20,     1,    -2
23233,    14,     2,    -2
23244,     7,     4,    -4
23253,    -1,     5,    -7
23263,   -10,    11,    -8
23274,   -14,    20,   -10
23283,   -15,    23,   -11
23292,   -12,    14,   -12
23303,    -9,     2,   -13
23313,    -7,    -7,   -13
23322,    -9,   -12,   -13
23333,   -14,   -10,   -15
23343,   -22,    -5,   -17
23352,   -29,    -1,   -19
23363,   -33,     4,   -18
23373,   -35,    10,   -13
23382,   -31,    15,   -10
23393,   -22,    15,   -10
23403,   -13,    11,   -11
23412,    -8,     8,   -11
23423,    -5,    11,    -9
23433,    -4,    17,    -6
23442,    -2,    21,    -5
23453,    -1,    23,    -4
23463,     0,    21,    -4
23472,     2,    20,    -4
23482,     2,    18,    -4
23493,     1,    15,    -4
23503,     0,    11,    -5
23512,    -3,     8,    -6
23523,    -5,     5,    -7
23533,    -4,     2,    -8
23542,    -2,     1,    -8
23552,     0,     1,    -6
23563,     1,     0,    -5
23573,     1,    -3,    -4
23582,     2,    -5,    -4
23593,     2,    -6,    -3
23602,     2,    -7,    -3
23613,     2,    -5,    -3
23623,     3,    -3,    -4
23632,     4,    -2,    -4
23643,     5,    -1,    -4
23652,     5,     0,    -5
23663,     4,     0,    -5
23672,     3,    -1,    -4
23683,     2,    -2,    -3
23693,     1,    -4,    -2
23702,     0,    -4,    -2
23713,     0,    -3,    -2
23722,    -1,    -2,    -2
23733,     0,     0,    -1
23743,     2,     3,     0
23752,     4,     3,     1
23763,     6,     2,     1
23772,     7,     0,     2
23783,     7,    -2,     1
23792,     5,    -3,     0
23802,     3,    -3,    -1
23813,     1,    -2,    -1
23822,     1,    -1,    -1
23833,     2,     0,    -1
23842,     2,     1,     0
23852,     3,     1,     1
23863,     4,     0,     3
23872,     5,     0,     4
23883,     5,    -2,     4
23892,     4,    -3,     4
23903,     3,    -4,     3
23912,     1,    -3,     2
23922,    -1,    -2,     1
23933,    -2,    -2,     0
23942,    -3,    -3,     0
23953,    -3,    -3,     1
23962,    -4,    -3,     1
23971,    -3,    -2,     2
23982,    -2,    -1,     2
23992,     0,     0,     2
24003,     1,     1,     1
24012,     2,     1,     1
24023,     2,     0,     1
24032,     1,     0,     1
24042,     0,     0,     1
24052,    -3,     1,     2
24062,    -5,     1,     1
24073,    -5,     1,     0
24082,    -4,     1,     0
24091,    -2,     1,    -1
24102,     0,     3,    -1
24112,     3,     4,     0
24123,     5,     4,     1
24132,     6,     3,     2
24143,     6,     2,     3
24152,     4,     1,     3
24161,     0,     1,     2
24172,    -4,     0,     2
24182,    -7,    -2,     2
24193,    -9,    -4,     1
24202,   -10,    -6,     1
24211,    -8,    -6,     1
24222,    -5,    -3,     2
24231,     0,     1,     3
24242,     2,     4,     4
24252,     2,     5,     4
24263,     2,     4,     4
24272,     1,     2,     3
24281,    -1,     0,     2
24292,    -4,     0,     2
24302,    -6,     0,     2
24312,    -7,     0,     3
24322,    -6,     0,     3
24331,    -4,     1,     3
24342,    -2,     1,     1
24351,    -1,     0,    -1
24362,     1,     0,    -2
24372,     2,     2,    -2
24383,     3,     3,    -1
24392,     4,     2,    -1
24401,     5,     1,     0
24412,     4,     1,     0
24421,     2,     1,    -1
24432,     0,     2,    -2
24442,    -1,     1,    -3
24451,     0,     1,    -4
24462,     2,     1,    -3
24471,     4,     1,    -2
24482,     5,     0,    -1
24492,     6,    -1,    -1
24501,     5,    -1,    -1
24512,     4,    -1,     0
24521,     3,     0,     0
24532,     1,     1,     0
24541,     0,     1,    -1
24552,     0,     0,    -1
24562,     2,     0,    -1
24571,     2,     1,    -1
24582,     2,     1,    -1
24591,     3,     0,    -1
24602,     2,    -2,    -1
24611,     1,    -3,    -1
24622,    -1,    -4,    -1
24632,    -1,    -3,    -1
24641,     0,    -1,    -1
24652,     1,     0,    -1
24661,     3,     1,    -1
24671,     4,     1,    -1
24682,     5,    -1,    -1
