time,qw,qx,qy,qz
8,0.85846,0.12268,0.03735,0.49652
18,0.85815,0.12256,0.03748,0.49707
27,0.85785,0.12244,0.03760,0.49756
39,0.85760,0.12231,0.03790,0.49805
48,0.85730,0.12219,0.03821,0.49860
59,0.85699,0.12207,0.03851,0.49908
68,0.85669,0.12189,0.03888,0.49957
78,0.85645,0.12177,0.03918,0.50012
89,0.85614,0.12164,0.03937,0.50061
98,0.85590,0.12152,0.03949,0.50110
107,0.85559,0.12140,0.03955,0.50159
118,0.85529,0.12134,0.03955,0.50208
127,0.85504,0.12140,0.03967,0.50256
138,0.85474,0.12146,0.03973,0.50299
148,0.85443,0.12152,0.03973,0.50348
159,0.85419,0.12158,0.03967,0.50391
168,0.85388,0.12164,0.03955,0.50439
177,0.85364,0.12170,0.03931,0.50482
188,0.85339,0.12177,0.03900,0.50525
198,0.85315,0.12183,0.03864,0.50574
209,0.85284,0.12183,0.03827,0.50623
218,0.85254,0.12183,0.03796,0.50671
227,0.85229,0.12177,0.03778,0.50720
238,0.85199,0.12177,0.03772,0.50769
247,0.85168,0.12170,0.03778,0.50818
258,0.85144,0.12164,0.03790,0.50867
268,0.85114,0.12152,0.03809,0.50916
277,0.85083,0.12140,0.03833,0.50970
288,0.85052,0.12115,0.03864,0.51025
297,0.85022,0.12085,0.03900,0.51074
308,0.84991,0.12054,0.03949,0.51129
318,0.84961,0.12024,0.03992,0.51184
327,0.84930,0.11993,0.04034,0.51239
338,0.84900,0.11963,0.04083,0.51294
347,0.84869,0.11932,0.04120,0.51349
358,0.84839,0.11920,0.04163,0.51404
367,0.84802,0.11920,0.04199,0.51453
378,0.84772,0.11938,0.04236,0.51508
388,0.84735,0.11963,0.04260,0.51556
397,0.84698,0.11993,0.04272,0.51599
408,0.84668,0.12024,0.04272,0.51648
417,0.84637,0.12048,0.04266,0.51697
428,0.84601,0.12054,0.04248,0.51752
438,0.84576,0.12042,0.04218,0.51801
447,0.84552,0.12024,0.04175,0.51849
458,0.84528,0.11981,0.04120,0.51904
467,0.84503,0.11932,0.04053,0.51953
477,0.84485,0.11877,0.03979,0.52008
488,0.84460,0.11823,0.03912,0.52057
497,0.84442,0.11768,0.03857,0.52112
508,0.84418,0.11725,0.03809,0.52161
517,0.84393,0.11700,0.03784,0.52209
527,0.84363,0.11694,0.03772,0.52258
538,0.84326,0.11700,0.03784,0.52313
547,0.84296,0.11713,0.03809,0.52362
558,0.84259,0.11737,0.03845,0.52411
567,0.84222,0.11755,0.03888,0.52460
578,0.84186,0.11774,0.03931,0.52515
588,0.84149,0.11786,0.03967,0.52563
597,0.84119,0.11798,0.04004,0.52612
608,0.84088,0.11804,0.04028,0.52661
617,0.84052,0.11804,0.04053,0.52710
628,0.84021,0.11804,0.04071,0.52759
637,0.83990,0.11804,0.04089,0.52808
647,0.83960,0.11810,0.04102,0.52856
658,0.83929,0.11816,0.04114,0.52899
667,0.83899,0.11823,0.04120,0.52948
678,0.83868,0.11829,0.04120,0.52997
687,0.83838,0.11823,0.04114,0.53040
697,0.83813,0.11823,0.04102,0.53088
708,0.83783,0.11823,0.04089,0.53131
717,0.83752,0.11823,0.04077,0.53180
728,0.83728,0.11816,0.04065,0.53229
737,0.83698,0.11823,0.04053,0.53271
747,0.83667,0.11823,0.04041,0.53320
757,0.83636,0.11823,0.04028,0.53363
767,0.83606,0.11829,0.04016,0.53412
778,0.83575,0.11835,0.04004,0.53461
787,0.83545,0.11841,0.03992,0.53510
798,0.83514,0.11847,0.03986,0.53558
807,0.83484,0.11853,0.03986,0.53607
817,0.83447,0.11859,0.03986,0.53656
828,0.83417,0.11859,0.03998,0.53705
837,0.83380,0.11865,0.04016,0.53754
848,0.83350,0.11871,0.04041,0.53802
857,0.83313,0.11877,0.04065,0.53851
866,0.83282,0.11877,0.04089,0.53900
877,0.83252,0.11877,0.04108,0.53949
887,0.83215,0.11871,0.04126,0.53998
898,0.83185,0.11871,0.04144,0.54047
907,0.83154,0.11871,0.04163,0.54095
918,0.83124,0.11871,0.04181,0.54144
927,0.83093,0.11877,0.04187,0.54187
936,0.83063,0.11877,0.04187,0.54236
947,0.83032,0.11871,0.04187,0.54279
957,0.83002,0.11871,0.04181,0.54327
968,0.82971,0.11871,0.04175,0.54376
977,0.82941,0.11871,0.04163,0.54425
988,0.82910,0.11865,0.04150,0.54468
997,0.82880,0.11859,0.04132,0.54517
1007,0.82849,0.11853,0.04114,0.54565
1017,0.82825,0.11841,0.04095,0.54614
1027,0.82794,0.11829,0.04083,0.54657
1038,0.82770,0.11816,0.04071,0.54706
1047,0.82739,0.11804,0.04065,0.54749
1056,0.82709,0.11786,0.04059,0.54797
1067,0.82684,0.11768,0.04059,0.54840
1077,0.82654,0.11749,0.04059,0.54889
1087,0.82623,0.11737,0.04059,0.54938
1097,0.82593,0.11725,0.04059,0.54987
1108,0.82562,0.11719,0.04059,0.55035
1117,0.82532,0.11713,0.04065,0.55078
1126,0.82501,0.11707,0.04065,0.55127
1137,0.82471,0.11700,0.04071,0.55176
1147,0.82440,0.11688,0.04077,0.55225
1158,0.82410,0.11676,0.04083,0.55273
1167,0.82379,0.11664,0.04095,0.55322
1176,0.82343,0.11658,0.04108,0.55371
1187,0.82312,0.11652,0.04120,0.55414
1196,0.82281,0.11646,0.04138,0.55463
1207,0.82245,0.11652,0.04150,0.55511
1217,0.82214,0.11658,0.04169,0.55560
1228,0.82178,0.11670,0.04181,0.55609
1237,0.82147,0.11670,0.04193,0.55652
1246,0.82117,0.11658,0.04193,0.55701
1257,0.82086,0.11646,0.04193,0.55750
1267,0.82056,0.11621,0.04181,0.55798
1277,0.82025,0.11591,0.04169,0.55847
1287,0.81995,0.11560,0.04156,0.55902
1296,0.81964,0.11536,0.04144,0.55951
1307,0.81934,0.11511,0.04126,0.56006
1316,0.81891,0.11487,0.04102,0.56067
1327,0.81848,0.11481,0.04071,0.56140
1337,0.81799,0.11475,0.04041,0.56219
1348,0.81738,0.11469,0.04016,0.56311
1357,0.81671,0.11456,0.03986,0.56409
1366,0.81604,0.11426,0.03955,0.56512
1377,0.81543,0.11377,0.03918,0.56616
1386,0.81476,0.11292,0.03894,0.56726
1397,0.81415,0.11163,0.03876,0.56848
1407,0.81329,0.10980,0.03864,0.57001
1416,0.81226,0.10748,0.03833,0.57196
1427,0.81104,0.10529,0.03729,0.57416
1436,0.80975,0.10327,0.03577,0.57642
1447,0.80847,0.10138,0.03442,0.57867
1456,0.80713,0.09961,0.03351,0.58081
1467,0.80585,0.09827,0.03339,0.58295
1477,0.80457,0.09729,0.03400,0.58478
1486,0.80347,0.09698,0.03503,0.58630
1497,0.80249,0.09705,0.03632,0.58752
1506,0.80157,0.09692,0.03748,0.58875
1517,0.80078,0.09625,0.03833,0.58990
1526,0.80017,0.09491,0.03851,0.59088
1537,0.79987,0.09314,0.03809,0.59161
1547,0.79974,0.09100,0.03729,0.59216
1556,0.79980,0.08862,0.03632,0.59247
1567,0.80005,0.08624,0.03546,0.59253
1576,0.80042,0.08417,0.03485,0.59247
1587,0.80078,0.08258,0.03461,0.59216
1596,0.80115,0.08167,0.03467,0.59174
1606,0.80164,0.08136,0.03510,0.59113
1617,0.80212,0.08148,0.03589,0.59039
1626,0.80273,0.08191,0.03687,0.58948
1637,0.80334,0.08240,0.03790,0.58850
1646,0.80408,0.08270,0.03900,0.58740
1656,0.80487,0.08270,0.03998,0.58618
1667,0.80591,0.08270,0.04065,0.58478
1676,0.80701,0.08276,0.04102,0.58319
1687,0.80817,0.08307,0.04132,0.58148
1696,0.80939,0.08350,0.04156,0.57971
1707,0.81055,0.08423,0.04187,0.57794
1716,0.81171,0.08527,0.04236,0.57611
1726,0.81281,0.08661,0.04297,0.57434
1737,0.81372,0.08820,0.04382,0.57275
1746,0.81458,0.08997,0.04468,0.57117
1757,0.81543,0.09167,0.04553,0.56970
1766,0.81616,0.09326,0.04633,0.56824
1776,0.81696,0.09448,0.04694,0.56689
1786,0.81769,0.09515,0.04742,0.56561
1796,0.81848,0.09540,0.04779,0.56445
1807,0.81921,0.09528,0.04810,0.56335
1816,0.81995,0.09491,0.04846,0.56232
1827,0.82068,0.09448,0.04877,0.56134
1836,0.82147,0.09406,0.04895,0.56024
1846,0.82227,0.09387,0.04907,0.55908
1856,0.82306,0.09375,0.04926,0.55792
1866,0.82385,0.09393,0.04980,0.55670
1877,0.82458,0.09436,0.05060,0.55548
1886,0.82532,0.09491,0.05151,0.55420
1897,0.82611,0.09552,0.05237,0.55280
1906,0.82697,0.09625,0.05316,0.55127
1916,0.82794,0.09686,0.05377,0.54962
1927,0.82904,0.09753,0.05414,0.54791
1936,0.83008,0.09814,0.05414,0.54614
1947,0.83118,0.09869,0.05383,0.54443
1956,0.83228,0.09906,0.05310,0.54279
1965,0.83350,0.09930,0.05212,0.54095
1976,0.83472,0.09955,0.05103,0.53912
1986,0.83600,0.09979,0.05005,0.53717
1997,0.83728,0.10022,0.04938,0.53522
2006,0.83844,0.10083,0.04907,0.53320
2017,0.83960,0.10162,0.04913,0.53125
2026,0.84076,0.10248,0.04950,0.52917
2035,0.84192,0.10333,0.05017,0.52716
2046,0.84308,0.10400,0.05103,0.52515
2056,0.84424,0.10474,0.05188,0.52295
2067,0.84552,0.10529,0.05237,0.52075
2076,0.84680,0.10559,0.05255,0.51855
2085,0.84821,0.10553,0.05243,0.51630
2096,0.84967,0.10498,0.05194,0.51404
2106,0.85126,0.10394,0.05133,0.51166
2117,0.85309,0.10254,0.05048,0.50903
2126,0.85510,0.10101,0.04968,0.50598
2135,0.85718,0.09979,0.04913,0.50275
2146,0.85919,0.09900,0.04913,0.49951
2155,0.86096,0.09863,0.04950,0.49646
2166,0.86249,0.09863,0.05035,0.49371
2176,0.86383,0.09894,0.05151,0.49115
2187,0.86511,0.09949,0.05292,0.48865
2196,0.86652,0.10010,0.05438,0.48590
2205,0.86804,0.10077,0.05573,0.48285
2217,0.86981,0.10126,0.05688,0.47937
2226,0.87177,0.10156,0.05774,0.47571
2235,0.87372,0.10156,0.05829,0.47205
2246,0.87567,0.10126,0.05841,0.46851
2256,0.87750,0.10059,0.05829,0.46521
2265,0.87921,0.09973,0.05811,0.46210
2276,0.88080,0.09882,0.05817,0.45929
2285,0.88226,0.09839,0.05847,0.45654
2296,0.88361,0.09882,0.05896,0.45380
2306,0.88477,0.10004,0.05969,0.45111
2315,0.88580,0.10199,0.06042,0.44855
2326,0.88666,0.10437,0.06128,0.44623
2335,0.88727,0.10693,0.06213,0.44421
2346,0.88788,0.10938,0.06274,0.44238
2356,0.88861,0.11139,0.06281,0.44037
2365,0.88947,0.11292,0.06213,0.43829
2376,0.89050,0.11383,0.06091,0.43616
2386,0.89154,0.11414,0.05927,0.43414
2395,0.89258,0.11401,0.05762,0.43231
2406,0.89349,0.11353,0.05621,0.43079
2415,0.89423,0.11304,0.05536,0.42944
2426,0.89471,0.11279,0.05518,0.42853
2436,0.89502,0.11292,0.05530,0.42780
2445,0.89520,0.11346,0.05548,0.42725
2456,0.89539,0.11450,0.05536,0.42670
2465,0.89545,0.11591,0.05511,0.42615
2476,0.89551,0.11749,0.05481,0.42560
2485,0.89557,0.11877,0.05420,0.42523
2496,0.89557,0.11945,0.05347,0.42511
2506,0.89551,0.11963,0.05273,0.42535
2515,0.89526,0.11932,0.05200,0.42603
2526,0.89484,0.11884,0.05145,0.42712
2535,0.89417,0.11829,0.05109,0.42871
2546,0.89331,0.11804,0.05103,0.43054
2555,0.89233,0.11810,0.05121,0.43256
2565,0.89130,0.11853,0.05145,0.43451
2576,0.89026,0.11902,0.05170,0.43652
2585,0.88916,0.11938,0.05170,0.43860
2596,0.88800,0.11926,0.05145,0.44098
2605,0.88672,0.11859,0.05096,0.44379
2616,0.88531,0.11743,0.05060,0.44696
2625,0.88373,0.11609,0.05048,0.45050
2635,0.88190,0.11511,0.05109,0.45422
2646,0.87970,0.11481,0.05261,0.45831
2655,0.87708,0.11523,0.05499,0.46295
2666,0.87402,0.11646,0.05829,0.46808
2675,0.87048,0.11841,0.06195,0.47369
2685,0.86658,0.12128,0.06586,0.47949
2696,0.86237,0.12500,0.06946,0.48553
2705,0.85791,0.12927,0.07263,0.49182
2716,0.85327,0.13336,0.07532,0.49835
2725,0.84851,0.13696,0.07751,0.50513
2736,0.84363,0.13977,0.07935,0.51221
2745,0.83868,0.14154,0.08099,0.51959
2755,0.83362,0.14233,0.08264,0.52722
2766,0.82855,0.14227,0.08411,0.53485
2775,0.82373,0.14178,0.08508,0.54230
2786,0.81915,0.14111,0.08527,0.54932
2795,0.81488,0.14069,0.08447,0.55585
2806,0.81085,0.14069,0.08276,0.56195
2815,0.80688,0.14136,0.08038,0.56781
2825,0.80298,0.14252,0.07770,0.57336
2836,0.79907,0.14404,0.07520,0.57880
2845,0.79504,0.14563,0.07300,0.58423
2856,0.79102,0.14697,0.07092,0.58954
2865,0.78705,0.14771,0.06873,0.59491
2874,0.78320,0.14789,0.06628,0.60022
2885,0.77948,0.14771,0.06329,0.60541
2895,0.77612,0.14752,0.05981,0.61011
2906,0.77319,0.14783,0.05585,0.61407
2915,0.77075,0.14905,0.05145,0.61725
2926,0.76874,0.15082,0.04675,0.61969
2935,0.76709,0.15271,0.04193,0.62158
2945,0.76575,0.15417,0.03723,0.62317
2956,0.76459,0.15472,0.03265,0.62476
2965,0.76349,0.15424,0.02826,0.62640
2976,0.76245,0.15259,0.02411,0.62823
2985,0.76147,0.15002,0.02032,0.63019
2994,0.76056,0.14734,0.01703,0.63202
3005,0.75983,0.14539,0.01410,0.63342
3015,0.75934,0.14453,0.01154,0.63428
3026,0.75916,0.14453,0.00903,0.63452
3035,0.75934,0.14514,0.00665,0.63422
3046,0.75977,0.14575,0.00415,0.63354
3055,0.76025,0.14624,0.00171,0.63287
3064,0.76056,0.14673,-0.00031,0.63239
3075,0.76062,0.14734,-0.00140,0.63220
3085,0.76031,0.14789,-0.00128,0.63239
3096,0.75983,0.14832,-0.00006,0.63287
3105,0.75928,0.14819,0.00183,0.63354
3114,0.75897,0.14746,0.00366,0.63409
3125,0.75916,0.14630,0.00464,0.63416
3134,0.75989,0.14502,0.00458,0.63361
3145,0.76093,0.14386,0.00360,0.63257
3155,0.76202,0.14301,0.00238,0.63147
3166,0.76288,0.14240,0.00171,0.63055
3175,0.76343,0.14185,0.00220,0.63007
3184,0.76361,0.14105,0.00397,0.63000
3195,0.76361,0.13989,0.00684,0.63019
3205,0.76367,0.13818,0.01013,0.63049
3214,0.76392,0.13599,0.01294,0.63062
3225,0.76459,0.13367,0.01477,0.63025
3234,0.76575,0.13123,0.01550,0.62933
3245,0.76727,0.12866,0.01532,0.62805
3255,0.76904,0.12610,0.01520,0.62634
3264,0.77094,0.12378,0.01544,0.62451
3275,0.77277,0.12164,0.01654,0.62262
3284,0.77454,0.11987,0.01874,0.62073
3295,0.77618,0.11859,0.02197,0.61884
3305,0.77765,0.11792,0.02563,0.61688
3315,0.77917,0.11786,0.02942,0.61481
3325,0.78076,0.11835,0.03278,0.61261
3334,0.78241,0.11896,0.03558,0.61023
3345,0.78424,0.11920,0.03766,0.60760
3354,0.78638,0.11920,0.03918,0.60480
3365,0.78857,0.11884,0.04022,0.60193
3375,0.79071,0.11816,0.04120,0.59918
3384,0.79272,0.11737,0.04242,0.59662
3395,0.79456,0.11652,0.04388,0.59424
3404,0.79614,0.11578,0.04559,0.59204
3415,0.79767,0.11505,0.04761,0.59003
3424,0.79901,0.11432,0.04956,0.58820
3434,0.80029,0.11377,0.05133,0.58636
3445,0.80151,0.11334,0.05304,0.58466
3454,0.80261,0.11316,0.05457,0.58301
3465,0.80371,0.11310,0.05609,0.58142
3474,0.80469,0.11304,0.05768,0.57990
3485,0.80554,0.11273,0.05939,0.57861
3495,0.80621,0.11237,0.06134,0.57751
3504,0.80676,0.11188,0.06342,0.57660
3515,0.80719,0.11151,0.06561,0.57587
3524,0.80743,0.11145,0.06787,0.57526
3535,0.80762,0.11169,0.06989,0.57465
3544,0.80774,0.11224,0.07178,0.57422
3554,0.80762,0.11292,0.07361,0.57397
3565,0.80743,0.11353,0.07556,0.57391
3574,0.80713,0.11389,0.07745,0.57404
3585,0.80670,0.11407,0.07928,0.57428
3594,0.80640,0.11389,0.08069,0.57458
3605,0.80609,0.11353,0.08160,0.57489
3615,0.80591,0.11273,0.08209,0.57532
3624,0.80579,0.11163,0.08209,0.57568
3635,0.80566,0.11053,0.08185,0.57611
3644,0.80560,0.10962,0.08142,0.57642
3655,0.80548,0.10901,0.08118,0.57672
3664,0.80536,0.10883,0.08105,0.57697
3674,0.80511,0.10895,0.08136,0.57727
3685,0.80475,0.10925,0.08197,0.57764
3694,0.80426,0.10956,0.08282,0.57812
3705,0.80377,0.10974,0.08356,0.57861
3714,0.80334,0.10999,0.08411,0.57910
3724,0.80292,0.11017,0.08429,0.57965
3735,0.80249,0.11029,0.08417,0.58026
3744,0.80206,0.11023,0.08368,0.58093
3755,0.80164,0.10999,0.08282,0.58167
3764,0.80121,0.10956,0.08179,0.58246
3773,0.80084,0.10889,0.08075,0.58325
3784,0.80048,0.10815,0.07983,0.58398
3794,0.80011,0.10748,0.07935,0.58472
3805,0.79968,0.10693,0.07922,0.58539
3814,0.79913,0.10669,0.07953,0.58612
3825,0.79852,0.10681,0.08008,0.58685
3834,0.79791,0.10718,0.08069,0.58759
3843,0.79730,0.10785,0.08124,0.58826
3854,0.79663,0.10858,0.08160,0.58887
3864,0.79608,0.10925,0.08167,0.58954
3875,0.79547,0.10974,0.08167,0.59027
3884,0.79492,0.11005,0.08154,0.59094
3895,0.79443,0.11017,0.08148,0.59161
3904,0.79388,0.11017,0.08142,0.59235
3914,0.79340,0.11011,0.08136,0.59302
3925,0.79291,0.10992,0.08136,0.59369
3934,0.79242,0.10968,0.08124,0.59442
3945,0.79199,0.10938,0.08105,0.59509
3954,0.79150,0.10919,0.08081,0.59576
3963,0.79102,0.10919,0.08063,0.59650
3974,0.79047,0.10931,0.08051,0.59723
3984,0.78986,0.10938,0.08044,0.59796
3995,0.78931,0.10944,0.08020,0.59875
4004,0.78876,0.10944,0.07996,0.59955
4013,0.78821,0.10938,0.07953,0.60028
4024,0.78772,0.10919,0.07910,0.60101
4034,0.78729,0.10889,0.07861,0.60175
4044,0.78687,0.10852,0.07819,0.60242
4054,0.78638,0.10809,0.07794,0.60309
4065,0.78595,0.10760,0.07776,0.60382
4074,0.78546,0.10718,0.07764,0.60455
4083,0.78497,0.10669,0.07770,0.60522
4094,0.78461,0.10632,0.07782,0.60577
4104,0.78418,0.10602,0.07800,0.60632
4115,0.78375,0.10590,0.07831,0.60687
4124,0.78333,0.10602,0.07849,0.60742
4135,0.78284,0.10645,0.07861,0.60791
4144,0.78235,0.10693,0.07861,0.60840
4153,0.78192,0.10736,0.07849,0.60901
4164,0.78143,0.10760,0.07849,0.60956
4174,0.78101,0.10767,0.07855,0.61005
4185,0.78058,0.10760,0.07861,0.61060
4194,0.78015,0.10736,0.07874,0.61121
4203,0.77972,0.10712,0.07880,0.61176
4215,0.77930,0.10706,0.07880,0.61230
4224,0.77881,0.10718,0.07874,0.61292
4233,0.77826,0.10736,0.07867,0.61359
4244,0.77771,0.10754,0.07861,0.61426
4254,0.77716,0.10760,0.07843,0.61499
4263,0.77661,0.10754,0.07812,0.61572
4274,0.77606,0.10724,0.07782,0.61652
4283,0.77557,0.10681,0.07751,0.61725
4294,0.77502,0.10638,0.07727,0.61798
4303,0.77454,0.10614,0.07715,0.61871
4314,0.77393,0.10602,0.07721,0.61945
4324,0.77332,0.10620,0.07758,0.62012
4333,0.77264,0.10651,0.07806,0.62085
4345,0.77197,0.10693,0.07867,0.62152
4354,0.77136,0.10730,0.07928,0.62219
4364,0.77075,0.10760,0.07983,0.62280
4373,0.77020,0.10779,0.08014,0.62341
4384,0.76978,0.10767,0.08014,0.62396
4393,0.76941,0.10736,0.07996,0.62445
4404,0.76910,0.10706,0.07953,0.62494
4414,0.76880,0.10675,0.07898,0.62549
4423,0.76837,0.10651,0.07849,0.62610
4434,0.76794,0.10638,0.07812,0.62671
4443,0.76740,0.10632,0.07788,0.62738
4454,0.76685,0.10626,0.07782,0.62811
4463,0.76630,0.10632,0.07788,0.62878
4474,0.76569,0.10638,0.07800,0.62946
4483,0.76514,0.10638,0.07800,0.63013
4493,0.76465,0.10632,0.07788,0.63074
4504,0.76416,0.10614,0.07776,0.63141
4513,0.76367,0.10590,0.07776,0.63202
4524,0.76312,0.10559,0.07776,0.63269
4533,0.76270,0.10529,0.07794,0.63330
4544,0.76221,0.10510,0.07812,0.63385
4554,0.76178,0.10486,0.07825,0.63446
4563,0.76129,0.10468,0.07831,0.63501
4574,0.76086,0.10455,0.07837,0.63556
4583,0.76038,0.10443,0.07831,0.63617
4594,0.75989,0.10437,0.07831,0.63678
4603,0.75934,0.10437,0.07825,0.63739
4613,0.75891,0.10437,0.07819,0.63794
4624,0.75842,0.10425,0.07806,0.63849
4633,0.75806,0.10400,0.07782,0.63904
4644,0.75769,0.10364,0.07745,0.63959
4653,0.75732,0.10327,0.07697,0.64008
4663,0.75702,0.10297,0.07648,0.64056
4674,0.75671,0.10278,0.07611,0.64105
4683,0.75629,0.10278,0.07581,0.64160
4694,0.75586,0.10297,0.07562,0.64209
4703,0.75537,0.10327,0.07562,0.64264
4713,0.75488,0.10364,0.07574,0.64313
4723,0.75439,0.10388,0.07593,0.64362
4733,0.75391,0.10406,0.07617,0.64410
4744,0.75342,0.10406,0.07642,0.64465
4753,0.75299,0.10394,0.07660,0.64514
4764,0.75256,0.10376,0.07678,0.64563
4773,0.75220,0.10364,0.07697,0.64612
4783,0.75177,0.10352,0.07715,0.64661
4792,0.75140,0.10352,0.07745,0.64703
4803,0.75098,0.10364,0.07782,0.64740
4814,0.75055,0.10394,0.07825,0.64783
4823,0.75006,0.10425,0.07874,0.64832
4834,0.74951,0.10461,0.07928,0.64880
4843,0.74896,0.10486,0.07977,0.64929
4853,0.74841,0.10498,0.08026,0.64984
4864,0.74792,0.10498,0.08075,0.65039
4873,0.74738,0.10492,0.08118,0.65094
4884,0.74689,0.10486,0.08148,0.65149
4893,0.74640,0.10474,0.08167,0.65204
4903,0.74597,0.10468,0.08173,0.65253
4912,0.74554,0.10468,0.08173,0.65302
4923,0.74512,0.10468,0.08167,0.65350
4934,0.74469,0.10474,0.08154,0.65399
4943,0.74420,0.10480,0.08142,0.65454
4953,0.74377,0.10492,0.08136,0.65503
4962,0.74329,0.10498,0.08130,0.65558
4973,0.74280,0.10498,0.08136,0.65613
4982,0.74231,0.10492,0.08142,0.65668
4993,0.74188,0.10486,0.08148,0.65723
5003,0.74139,0.10480,0.08154,0.65771
5014,0.74091,0.10468,0.08167,0.65826
5023,0.74048,0.10468,0.08185,0.65875
5033,0.74005,0.10468,0.08203,0.65918
5044,0.73962,0.10480,0.08221,0.65961
5053,0.73926,0.10498,0.08246,0.66003
5063,0.73883,0.10529,0.08270,0.66040
5074,0.73834,0.10559,0.08295,0.66083
5083,0.73785,0.10602,0.08319,0.66132
5092,0.73737,0.10645,0.08337,0.66174
5103,0.73682,0.10687,0.08356,0.66229
5113,0.73627,0.10718,0.08374,0.66278
5123,0.73572,0.10748,0.08392,0.66333
5133,0.73511,0.10760,0.08411,0.66394
5144,0.73462,0.10754,0.08417,0.66455
5153,0.73413,0.10748,0.08411,0.66504
5162,0.73370,0.10730,0.08386,0.66559
5173,0.73328,0.10706,0.08368,0.66614
5183,0.73285,0.10675,0.08362,0.66663
5194,0.73248,0.10651,0.08368,0.66711
5203,0.73206,0.10626,0.08392,0.66760
5212,0.73157,0.10602,0.08441,0.66809
5223,0.73108,0.10583,0.08496,0.66858
5232,0.73065,0.10577,0.08557,0.66901
5243,0.73016,0.10577,0.08618,0.66943
5253,0.72974,0.10571,0.08673,0.66986
5264,0.72931,0.10559,0.08734,0.67029
5273,0.72888,0.10547,0.08789,0.67065
5282,0.72845,0.10535,0.08856,0.67102
5293,0.72803,0.10522,0.08917,0.67145
5302,0.72766,0.10504,0.08972,0.67181
5313,0.72729,0.10492,0.09021,0.67218
5323,0.72693,0.10480,0.09058,0.67255
5332,0.72650,0.10461,0.09094,0.67297
5343,0.72607,0.10449,0.09125,0.67340
5352,0.72565,0.10431,0.09155,0.67389
5363,0.72522,0.10431,0.09174,0.67432
5373,0.72473,0.10419,0.09192,0.67480
5384,0.72430,0.10413,0.09198,0.67529
5393,0.72388,0.10394,0.09192,0.67578
5402,0.72351,0.10370,0.09186,0.67621
5413,0.72314,0.10345,0.09180,0.67664
5422,0.72278,0.10327,0.09174,0.67706
