time,qw,qx,qy,qz
8,-0.05487,-0.67413,-0.30908,0.66858
18,-0.05658,-0.67352,-0.31000,0.66870
29,-0.05835,-0.67285,-0.31085,0.66876
38,-0.06012,-0.67224,-0.31177,0.66882
47,-0.06183,-0.67163,-0.31262,0.66888
58,-0.06360,-0.67096,-0.31354,0.66895
68,-0.06531,-0.67035,-0.31445,0.66901
79,-0.06702,-0.66968,-0.31537,0.66907
88,-0.06873,-0.66901,-0.31622,0.66913
97,-0.07043,-0.66840,-0.31708,0.66919
108,-0.07220,-0.66772,-0.31793,0.66925
118,-0.07391,-0.66705,-0.31885,0.66931
129,-0.07562,-0.66638,-0.31976,0.66931
138,-0.07733,-0.66571,-0.32068,0.66937
147,-0.07904,-0.66504,-0.32153,0.66943
158,-0.08075,-0.66437,-0.32245,0.66943
167,-0.08246,-0.66370,-0.32336,0.66943
178,-0.08417,-0.66302,-0.32428,0.66943
188,-0.08588,-0.66235,-0.32520,0.66943
197,-0.08759,-0.66168,-0.32605,0.66943
208,-0.08929,-0.66101,-0.32697,0.66949
217,-0.09094,-0.66034,-0.32788,0.66949
228,-0.09265,-0.65967,-0.32874,0.66949
238,-0.09436,-0.65894,-0.32965,0.66949
247,-0.09607,-0.65826,-0.33051,0.66949
258,-0.09772,-0.65759,-0.33142,0.66949
267,-0.09943,-0.65686,-0.33228,0.66949
278,-0.10114,-0.65619,-0.33319,0.66949
288,-0.10284,-0.65546,-0.33411,0.66943
297,-0.10455,-0.65479,-0.33502,0.66943
308,-0.10620,-0.65405,-0.33594,0.66943
317,-0.10791,-0.65338,-0.33679,0.66937
328,-0.10956,-0.65265,-0.33771,0.66931
337,-0.11127,-0.65198,-0.33856,0.66931
347,-0.11298,-0.65125,-0.33948,0.66925
358,-0.11462,-0.65051,-0.34039,0.66919
367,-0.11633,-0.64978,-0.34131,0.66919
378,-0.11798,-0.64911,-0.34216,0.66907
387,-0.11963,-0.64838,-0.34308,0.66907
398,-0.12128,-0.64764,-0.34399,0.66901
408,-0.12292,-0.64691,-0.34485,0.66895
417,-0.12463,-0.64618,-0.34570,0.66888
428,-0.12628,-0.64545,-0.34662,0.66882
437,-0.12793,-0.64471,-0.34747,0.66876
448,-0.12958,-0.64398,-0.34839,0.66870
457,-0.13123,-0.64325,-0.34930,0.66864
467,-0.13293,-0.64252,-0.35022,0.66852
478,-0.13452,-0.64172,-0.35114,0.66846
487,-0.13617,-0.64099,-0.35199,0.66833
498,-0.13782,-0.64026,-0.35291,0.66827
507,-0.13947,-0.63953,-0.35376,0.66815
518,-0.14111,-0.63873,-0.35468,0.66809
527,-0.14276,-0.63800,-0.35553,0.66797
537,-0.14435,-0.63727,-0.35645,0.66785
548,-0.14600,-0.63647,-0.35730,0.66779
557,-0.14764,-0.63574,-0.35822,0.66766
568,-0.14929,-0.63495,-0.35907,0.66754
577,-0.15088,-0.63416,-0.35999,0.66748
588,-0.15253,-0.63342,-0.36090,0.66736
597,-0.15417,-0.63263,-0.36176,0.66724
608,-0.15576,-0.63184,-0.36267,0.66711
617,-0.15741,-0.63104,-0.36359,0.66699
627,-0.15900,-0.63025,-0.36444,0.66681
638,-0.16064,-0.62952,-0.36536,0.66669
647,-0.16223,-0.62872,-0.36621,0.66656
658,-0.16388,-0.62793,-0.36713,0.66644
667,-0.16547,-0.62714,-0.36804,0.66626
676,-0.16705,-0.62634,-0.36890,0.66614
687,-0.16864,-0.62555,-0.36981,0.66595
697,-0.17029,-0.62476,-0.37067,0.66583
708,-0.17188,-0.62390,-0.37158,0.66565
717,-0.17346,-0.62311,-0.37250,0.66553
728,-0.17511,-0.62231,-0.37335,0.66534
737,-0.17670,-0.62152,-0.37427,0.66516
746,-0.17828,-0.62073,-0.37518,0.66498
757,-0.17987,-0.61993,-0.37604,0.66479
767,-0.18146,-0.61908,-0.37695,0.66461
778,-0.18304,-0.61829,-0.37781,0.66443
787,-0.18463,-0.61749,-0.37872,0.66425
798,-0.18622,-0.61664,-0.37958,0.66406
807,-0.18781,-0.61584,-0.38049,0.66388
817,-0.18939,-0.61505,-0.38135,0.66364
828,-0.19104,-0.61420,-0.38226,0.66345
837,-0.19257,-0.61340,-0.38312,0.66327
848,-0.19415,-0.61255,-0.38403,0.66302
857,-0.19574,-0.61169,-0.38489,0.66284
866,-0.19733,-0.61090,-0.38580,0.66266
877,-0.19885,-0.61005,-0.38672,0.66241
887,-0.20044,-0.60919,-0.38757,0.66217
897,-0.20203,-0.60840,-0.38849,0.66199
907,-0.20355,-0.60754,-0.38934,0.66174
916,-0.20514,-0.60669,-0.39026,0.66150
927,-0.20673,-0.60583,-0.39111,0.66125
936,-0.20825,-0.60498,-0.39203,0.66107
947,-0.20984,-0.60413,-0.39288,0.66077
957,-0.21136,-0.60327,-0.39380,0.66052
968,-0.21295,-0.60242,-0.39465,0.66034
977,-0.21448,-0.60156,-0.39557,0.66003
986,-0.21600,-0.60071,-0.39642,0.65979
997,-0.21759,-0.59985,-0.39734,0.65955
1007,-0.21912,-0.59900,-0.39819,0.65930
1017,-0.22064,-0.59814,-0.39905,0.65906
1027,-0.22211,-0.59729,-0.39990,0.65881
1036,-0.22345,-0.59637,-0.40082,0.65863
1047,-0.22491,-0.59534,-0.40179,0.65851
1057,-0.22662,-0.59406,-0.40320,0.65820
1067,-0.22858,-0.59253,-0.40521,0.65765
1077,-0.23016,-0.59106,-0.40741,0.65704
1086,-0.23151,-0.58966,-0.40948,0.65656
1097,-0.23285,-0.58820,-0.41113,0.65637
1106,-0.23389,-0.58673,-0.41284,0.65619
1117,-0.23450,-0.58551,-0.41449,0.65607
1127,-0.23480,-0.58453,-0.41565,0.65613
1136,-0.23547,-0.58374,-0.41620,0.65625
1147,-0.23694,-0.58313,-0.41638,0.65613
1156,-0.23853,-0.58203,-0.41669,0.65631
1167,-0.24042,-0.58075,-0.41724,0.65643
1177,-0.24231,-0.57941,-0.41809,0.65637
1186,-0.24396,-0.57819,-0.41925,0.65607
1197,-0.24536,-0.57721,-0.42041,0.65564
1206,-0.24658,-0.57642,-0.42126,0.65540
1217,-0.24768,-0.57562,-0.42188,0.65521
1226,-0.24866,-0.57495,-0.42236,0.65515
1237,-0.24951,-0.57428,-0.42267,0.65521
1247,-0.25049,-0.57355,-0.42297,0.65533
1256,-0.25140,-0.57281,-0.42328,0.65540
1267,-0.25269,-0.57202,-0.42352,0.65546
1276,-0.25482,-0.57104,-0.42352,0.65552
1287,-0.25665,-0.56970,-0.42401,0.65558
1296,-0.25836,-0.56854,-0.42474,0.65546
1306,-0.25995,-0.56763,-0.42548,0.65515
1317,-0.26166,-0.56677,-0.42621,0.65472
1326,-0.26331,-0.56592,-0.42700,0.65430
1337,-0.26495,-0.56500,-0.42786,0.65387
1346,-0.26660,-0.56396,-0.42883,0.65344
1356,-0.26837,-0.56287,-0.42999,0.65295
1367,-0.27020,-0.56177,-0.43115,0.65234
1376,-0.27203,-0.56067,-0.43237,0.65167
1387,-0.27374,-0.55963,-0.43359,0.65106
1396,-0.27545,-0.55859,-0.43475,0.65045
1407,-0.27710,-0.55762,-0.43585,0.64990
1416,-0.27875,-0.55658,-0.43689,0.64935
1426,-0.28040,-0.55566,-0.43787,0.64880
1437,-0.28198,-0.55469,-0.43884,0.64832
1446,-0.28357,-0.55371,-0.43976,0.64777
1457,-0.28510,-0.55280,-0.44067,0.64728
1466,-0.28656,-0.55188,-0.44159,0.64685
1476,-0.28796,-0.55090,-0.44238,0.64648
1487,-0.28949,-0.54993,-0.44324,0.64600
1496,-0.29102,-0.54895,-0.44409,0.64557
1507,-0.29266,-0.54797,-0.44501,0.64502
1516,-0.29425,-0.54700,-0.44598,0.64447
1527,-0.29590,-0.54602,-0.44696,0.64392
1536,-0.29749,-0.54504,-0.44788,0.64337
1546,-0.29901,-0.54401,-0.44885,0.64282
1557,-0.30054,-0.54297,-0.44983,0.64227
1566,-0.30194,-0.54193,-0.45087,0.64178
1577,-0.30328,-0.54083,-0.45190,0.64136
1586,-0.30457,-0.53973,-0.45294,0.64093
1596,-0.30597,-0.53870,-0.45386,0.64050
1606,-0.30737,-0.53766,-0.45477,0.64008
1616,-0.30878,-0.53668,-0.45563,0.63959
1627,-0.31030,-0.53571,-0.45648,0.63910
1636,-0.31177,-0.53473,-0.45734,0.63855
1646,-0.31323,-0.53375,-0.45819,0.63806
1657,-0.31470,-0.53278,-0.45911,0.63751
1666,-0.31616,-0.53174,-0.45996,0.63696
1675,-0.31757,-0.53076,-0.46082,0.63647
1686,-0.31903,-0.52972,-0.46167,0.63599
1696,-0.32043,-0.52875,-0.46252,0.63550
1707,-0.32190,-0.52777,-0.46338,0.63495
1716,-0.32330,-0.52679,-0.46423,0.63446
1727,-0.32471,-0.52582,-0.46503,0.63391
1736,-0.32611,-0.52484,-0.46582,0.63342
1745,-0.32758,-0.52386,-0.46667,0.63287
1756,-0.32904,-0.52283,-0.46753,0.63232
1766,-0.33057,-0.52173,-0.46844,0.63171
1777,-0.33209,-0.52057,-0.46954,0.63110
1786,-0.33368,-0.51935,-0.47064,0.63043
1795,-0.33527,-0.51813,-0.47192,0.62970
1806,-0.33679,-0.51678,-0.47321,0.62897
1816,-0.33832,-0.51550,-0.47449,0.62823
1826,-0.33984,-0.51422,-0.47577,0.62750
1836,-0.34119,-0.51300,-0.47705,0.62683
1847,-0.34253,-0.51178,-0.47821,0.62616
1856,-0.34387,-0.51068,-0.47925,0.62561
1865,-0.34521,-0.50946,-0.48029,0.62500
1876,-0.34662,-0.50830,-0.48132,0.62439
1886,-0.34808,-0.50696,-0.48248,0.62378
1897,-0.34961,-0.50555,-0.48364,0.62317
1906,-0.35132,-0.50378,-0.48468,0.62280
1915,-0.35321,-0.50171,-0.48584,0.62256
1926,-0.35498,-0.49951,-0.48712,0.62231
1935,-0.35645,-0.49731,-0.48859,0.62207
1946,-0.35773,-0.49518,-0.48999,0.62195
1956,-0.35901,-0.49292,-0.49152,0.62177
1965,-0.36035,-0.49060,-0.49316,0.62152
1976,-0.36188,-0.48816,-0.49493,0.62115
1985,-0.36334,-0.48578,-0.49670,0.62073
1996,-0.36469,-0.48358,-0.49854,0.62024
2006,-0.36584,-0.48157,-0.50024,0.61969
2017,-0.36694,-0.47955,-0.50189,0.61932
2026,-0.36786,-0.47748,-0.50354,0.61902
2035,-0.36877,-0.47559,-0.50500,0.61871
2046,-0.36987,-0.47400,-0.50623,0.61829
2055,-0.37122,-0.47296,-0.50708,0.61761
2066,-0.37280,-0.47235,-0.50757,0.61670
2076,-0.37457,-0.47205,-0.50793,0.61554
2085,-0.37653,-0.47192,-0.50830,0.61414
2096,-0.37872,-0.47162,-0.50891,0.61255
2105,-0.38092,-0.47119,-0.50964,0.61090
2116,-0.38312,-0.47058,-0.51056,0.60919
2126,-0.38501,-0.46973,-0.51166,0.60779
2135,-0.38641,-0.46857,-0.51288,0.60675
2146,-0.38751,-0.46716,-0.51416,0.60602
2155,-0.38837,-0.46564,-0.51538,0.60559
2166,-0.38922,-0.46399,-0.51654,0.60529
2176,-0.39026,-0.46246,-0.51746,0.60510
2185,-0.39148,-0.46100,-0.51807,0.60486
2196,-0.39282,-0.45972,-0.51849,0.60461
2205,-0.39429,-0.45862,-0.51880,0.60425
2216,-0.39587,-0.45752,-0.51904,0.60382
2225,-0.39746,-0.45642,-0.51941,0.60333
2236,-0.39880,-0.45502,-0.52014,0.60284
2246,-0.39996,-0.45325,-0.52124,0.60242
2255,-0.40100,-0.45117,-0.52289,0.60193
2266,-0.40216,-0.44879,-0.52472,0.60126
2275,-0.40356,-0.44653,-0.52649,0.60052
2286,-0.40521,-0.44452,-0.52789,0.59967
2295,-0.40692,-0.44318,-0.52863,0.59888
2305,-0.40857,-0.44244,-0.52863,0.59827
2316,-0.41003,-0.44214,-0.52808,0.59796
2325,-0.41125,-0.44202,-0.52728,0.59790
2336,-0.41211,-0.44183,-0.52655,0.59808
2345,-0.41284,-0.44147,-0.52625,0.59821
2355,-0.41370,-0.44073,-0.52637,0.59796
2366,-0.41461,-0.43982,-0.52716,0.59729
2375,-0.41577,-0.43866,-0.52850,0.59619
2386,-0.41699,-0.43713,-0.53046,0.59479
2395,-0.41809,-0.43536,-0.53271,0.59326
2406,-0.41925,-0.43359,-0.53497,0.59167
2415,-0.42053,-0.43188,-0.53723,0.58997
2425,-0.42169,-0.43011,-0.53943,0.58838
2436,-0.42255,-0.42834,-0.54175,0.58698
2445,-0.42322,-0.42657,-0.54382,0.58588
2456,-0.42383,-0.42505,-0.54547,0.58496
2465,-0.42468,-0.42383,-0.54663,0.58417
2475,-0.42584,-0.42291,-0.54724,0.58344
2486,-0.42719,-0.42224,-0.54742,0.58276
2495,-0.42859,-0.42169,-0.54736,0.58221
2506,-0.42981,-0.42108,-0.54724,0.58179
2515,-0.43085,-0.42041,-0.54730,0.58148
2524,-0.43182,-0.41962,-0.54749,0.58118
2535,-0.43286,-0.41876,-0.54779,0.58075
2545,-0.43420,-0.41779,-0.54816,0.58002
2556,-0.43573,-0.41687,-0.54871,0.57910
2565,-0.43738,-0.41595,-0.54938,0.57788
2576,-0.43909,-0.41504,-0.55017,0.57648
2585,-0.44073,-0.41418,-0.55109,0.57495
2595,-0.44244,-0.41327,-0.55200,0.57343
2606,-0.44427,-0.41248,-0.55267,0.57196
2615,-0.44598,-0.41174,-0.55304,0.57074
2626,-0.44745,-0.41119,-0.55322,0.56982
2635,-0.44855,-0.41058,-0.55334,0.56927
2644,-0.44946,-0.40997,-0.55347,0.56885
2655,-0.45032,-0.40936,-0.55383,0.56836
2665,-0.45105,-0.40857,-0.55438,0.56775
2676,-0.45184,-0.40753,-0.55524,0.56702
2685,-0.45288,-0.40613,-0.55627,0.56616
2696,-0.45428,-0.40436,-0.55737,0.56525
2705,-0.45593,-0.40222,-0.55865,0.56421
2714,-0.45752,-0.39990,-0.56000,0.56323
2726,-0.45886,-0.39771,-0.56122,0.56250
2735,-0.46014,-0.39569,-0.56226,0.56177
2746,-0.46149,-0.39386,-0.56317,0.56110
2755,-0.46283,-0.39209,-0.56390,0.56049
2764,-0.46436,-0.39026,-0.56470,0.55969
2775,-0.46594,-0.38849,-0.56555,0.55872
2785,-0.46759,-0.38660,-0.56659,0.55762
2796,-0.46924,-0.38464,-0.56787,0.55627
2805,-0.47076,-0.38287,-0.56934,0.55475
2814,-0.47223,-0.38129,-0.57086,0.55304
2825,-0.47369,-0.37982,-0.57233,0.55121
2834,-0.47528,-0.37836,-0.57361,0.54950
2845,-0.47693,-0.37677,-0.57477,0.54797
2855,-0.47852,-0.37524,-0.57574,0.54663
2864,-0.47998,-0.37390,-0.57660,0.54535
2875,-0.48145,-0.37305,-0.57703,0.54419
2884,-0.48291,-0.37268,-0.57715,0.54303
2895,-0.48444,-0.37262,-0.57697,0.54187
2905,-0.48584,-0.37268,-0.57678,0.54083
2916,-0.48706,-0.37250,-0.57672,0.53986
2925,-0.48822,-0.37195,-0.57703,0.53888
2934,-0.48938,-0.37085,-0.57758,0.53796
2945,-0.49072,-0.36926,-0.57843,0.53699
2954,-0.49213,-0.36719,-0.57947,0.53595
2966,-0.49341,-0.36493,-0.58075,0.53497
2975,-0.49463,-0.36261,-0.58197,0.53406
2984,-0.49579,-0.36047,-0.58307,0.53320
2995,-0.49701,-0.35852,-0.58411,0.53223
3004,-0.49823,-0.35663,-0.58521,0.53119
3015,-0.49939,-0.35486,-0.58636,0.53003
3025,-0.50061,-0.35321,-0.58740,0.52881
3034,-0.50189,-0.35187,-0.58832,0.52753
3045,-0.50317,-0.35077,-0.58905,0.52612
3054,-0.50452,-0.34979,-0.58966,0.52484
3065,-0.50580,-0.34869,-0.59033,0.52356
3075,-0.50696,-0.34760,-0.59106,0.52240
3084,-0.50812,-0.34631,-0.59180,0.52124
3095,-0.50928,-0.34503,-0.59253,0.52014
3104,-0.51050,-0.34393,-0.59308,0.51904
3115,-0.51178,-0.34296,-0.59344,0.51794
3124,-0.51318,-0.34216,-0.59381,0.51678
3134,-0.51459,-0.34155,-0.59412,0.51544
3145,-0.51593,-0.34106,-0.59442,0.51398
3154,-0.51721,-0.34058,-0.59485,0.51251
3165,-0.51843,-0.34003,-0.59534,0.51117
3174,-0.51953,-0.33929,-0.59589,0.50983
3185,-0.52051,-0.33832,-0.59656,0.50867
3195,-0.52136,-0.33704,-0.59729,0.50781
3204,-0.52209,-0.33557,-0.59808,0.50714
3215,-0.52277,-0.33417,-0.59882,0.50647
3224,-0.52350,-0.33276,-0.59961,0.50568
3234,-0.52435,-0.33148,-0.60046,0.50464
3245,-0.52533,-0.33026,-0.60138,0.50342
3254,-0.52631,-0.32898,-0.60236,0.50201
3265,-0.52722,-0.32770,-0.60345,0.50061
3274,-0.52802,-0.32635,-0.60455,0.49927
3285,-0.52869,-0.32495,-0.60565,0.49817
3294,-0.52936,-0.32355,-0.60663,0.49713
3304,-0.53009,-0.32239,-0.60742,0.49615
3315,-0.53088,-0.32153,-0.60797,0.49518
3324,-0.53174,-0.32104,-0.60834,0.49420
3335,-0.53259,-0.32074,-0.60858,0.49316
3344,-0.53345,-0.32037,-0.60883,0.49213
3354,-0.53430,-0.31976,-0.60925,0.49109
3365,-0.53516,-0.31873,-0.60986,0.48999
3374,-0.53613,-0.31732,-0.61072,0.48883
3385,-0.53699,-0.31555,-0.61176,0.48773
3394,-0.53790,-0.31378,-0.61279,0.48657
3403,-0.53876,-0.31207,-0.61377,0.48541
3414,-0.53967,-0.31049,-0.61462,0.48444
3424,-0.54053,-0.30896,-0.61542,0.48346
3435,-0.54132,-0.30743,-0.61627,0.48236
3444,-0.54224,-0.30603,-0.61719,0.48108
3455,-0.54327,-0.30475,-0.61810,0.47955
3464,-0.54449,-0.30359,-0.61890,0.47791
3474,-0.54590,-0.30249,-0.61963,0.47607
3485,-0.54736,-0.30115,-0.62042,0.47424
3494,-0.54877,-0.29956,-0.62134,0.47235
3505,-0.55011,-0.29785,-0.62231,0.47064
3514,-0.55151,-0.29626,-0.62311,0.46881
3523,-0.55328,-0.29504,-0.62372,0.46680
3534,-0.55518,-0.29413,-0.62415,0.46454
3544,-0.55688,-0.29309,-0.62476,0.46228
3555,-0.55804,-0.29132,-0.62579,0.46057
3564,-0.55872,-0.28851,-0.62732,0.45953
3575,-0.55920,-0.28473,-0.62927,0.45856
3584,-0.55969,-0.28040,-0.63184,0.45709
3594,-0.55994,-0.27637,-0.63519,0.45459
3604,-0.56000,-0.27325,-0.63910,0.45087
3614,-0.55957,-0.27167,-0.64343,0.44629
3625,-0.55804,-0.27228,-0.64783,0.44141
3634,-0.55585,-0.27521,-0.65143,0.43701
3643,-0.55225,-0.28107,-0.65417,0.43372
3654,-0.54755,-0.28931,-0.65631,0.43103
3664,-0.54236,-0.29858,-0.65845,0.42798
3675,-0.53656,-0.30701,-0.66174,0.42426
3684,-0.53070,-0.31274,-0.66693,0.41931
3693,-0.52478,-0.31519,-0.67438,0.41302
3704,-0.51898,-0.31531,-0.68311,0.40570
3714,-0.51422,-0.31451,-0.69153,0.39807
3724,-0.51147,-0.31372,-0.69824,0.39050
3734,-0.51093,-0.31317,-0.70258,0.38385
3743,-0.51135,-0.31335,-0.70459,0.37939
3754,-0.51245,-0.31396,-0.70483,0.37701
3763,-0.51398,-0.31458,-0.70392,0.37610
3774,-0.51550,-0.31531,-0.70270,0.37567
3784,-0.51636,-0.31622,-0.70190,0.37518
3795,-0.51636,-0.31677,-0.70197,0.37457
3804,-0.51569,-0.31659,-0.70300,0.37372
3813,-0.51544,-0.31555,-0.70459,0.37195
3824,-0.51569,-0.31360,-0.70685,0.36908
3833,-0.51624,-0.31146,-0.70935,0.36523
3844,-0.51672,-0.30994,-0.71173,0.36115
3854,-0.51654,-0.30957,-0.71381,0.35760
3865,-0.51562,-0.31079,-0.71521,0.35516
3874,-0.51416,-0.31323,-0.71600,0.35358
3883,-0.51221,-0.31580,-0.71674,0.35254
3894,-0.51001,-0.31750,-0.71802,0.35168
3903,-0.50787,-0.31763,-0.71997,0.35052
3914,-0.50616,-0.31635,-0.72260,0.34882
3924,-0.50507,-0.31415,-0.72534,0.34656
3933,-0.50476,-0.31158,-0.72784,0.34418
3944,-0.50507,-0.30933,-0.72961,0.34198
3953,-0.50555,-0.30798,-0.73059,0.34033
3964,-0.50616,-0.30750,-0.73090,0.33929
3973,-0.50671,-0.30725,-0.73083,0.33887
3984,-0.50696,-0.30652,-0.73083,0.33911
3994,-0.50690,-0.30511,-0.73120,0.33966
4003,-0.50684,-0.30286,-0.73187,0.34033
4014,-0.50726,-0.30017,-0.73254,0.34064
4023,-0.50806,-0.29755,-0.73309,0.34058
4034,-0.50909,-0.29547,-0.73340,0.34015
4043,-0.51019,-0.29395,-0.73346,0.33972
4054,-0.51129,-0.29272,-0.73340,0.33929
4064,-0.51233,-0.29156,-0.73334,0.33881
4073,-0.51349,-0.29047,-0.73328,0.33807
4084,-0.51459,-0.28937,-0.73334,0.33728
4093,-0.51562,-0.28821,-0.73340,0.33649
4104,-0.51678,-0.28705,-0.73346,0.33557
4113,-0.51801,-0.28571,-0.73358,0.33459
4123,-0.51947,-0.28387,-0.73383,0.33344
4134,-0.52112,-0.28168,-0.73419,0.33191
4143,-0.52307,-0.27911,-0.73474,0.32983
4154,-0.52527,-0.27625,-0.73535,0.32721
4163,-0.52759,-0.27332,-0.73608,0.32434
4174,-0.52942,-0.27081,-0.73682,0.32178
4184,-0.53070,-0.26874,-0.73749,0.31995
4193,-0.53149,-0.26727,-0.73798,0.31866
4204,-0.53217,-0.26599,-0.73853,0.31744
4213,-0.53296,-0.26465,-0.73914,0.31573
4224,-0.53375,-0.26300,-0.74011,0.31342
4233,-0.53455,-0.26105,-0.74139,0.31079
4243,-0.53534,-0.25903,-0.74268,0.30798
4254,-0.53625,-0.25696,-0.74384,0.30536
4263,-0.53741,-0.25476,-0.74475,0.30286
4274,-0.53882,-0.25232,-0.74536,0.30078
4283,-0.54041,-0.24994,-0.74567,0.29919
4294,-0.54205,-0.24780,-0.74548,0.29840
4303,-0.54364,-0.24640,-0.74481,0.29846
4313,-0.54504,-0.24597,-0.74371,0.29901
4324,-0.54651,-0.24622,-0.74231,0.29962
4333,-0.54785,-0.24670,-0.74097,0.30005
4344,-0.54901,-0.24719,-0.73999,0.30005
4353,-0.54993,-0.24738,-0.73950,0.29938
4364,-0.55084,-0.24713,-0.73944,0.29797
4373,-0.55157,-0.24640,-0.73987,0.29614
4383,-0.55219,-0.24524,-0.74060,0.29425
4394,-0.55261,-0.24359,-0.74158,0.29230
4403,-0.55322,-0.24182,-0.74249,0.29028
4414,-0.55408,-0.24011,-0.74310,0.28839
4423,-0.55524,-0.23883,-0.74323,0.28699
4434,-0.55664,-0.23798,-0.74274,0.28632
4443,-0.55817,-0.23761,-0.74164,0.28638
4453,-0.55963,-0.23761,-0.74036,0.28693
4464,-0.56079,-0.23779,-0.73907,0.28766
4473,-0.56165,-0.23773,-0.73822,0.28827
4482,-0.56238,-0.23712,-0.73785,0.28833
4493,-0.56311,-0.23596,-0.73798,0.28754
4503,-0.56396,-0.23425,-0.73853,0.28583
4514,-0.56476,-0.23230,-0.73938,0.28369
4523,-0.56555,-0.23029,-0.74030,0.28137
4533,-0.56641,-0.22833,-0.74115,0.27905
4544,-0.56732,-0.22650,-0.74188,0.27667
4553,-0.56824,-0.22479,-0.74255,0.27435
4562,-0.56921,-0.22339,-0.74298,0.27234
4573,-0.57013,-0.22211,-0.74329,0.27069
4583,-0.57092,-0.22101,-0.74347,0.26941
4594,-0.57166,-0.21997,-0.74359,0.26825
4603,-0.57251,-0.21881,-0.74371,0.26709
4612,-0.57349,-0.21741,-0.74377,0.26587
4623,-0.57446,-0.21594,-0.74384,0.26483
4632,-0.57538,-0.21454,-0.74390,0.26385
4643,-0.57617,-0.21350,-0.74390,0.26288
4653,-0.57697,-0.21289,-0.74390,0.26178
4664,-0.57758,-0.21271,-0.74390,0.26056
4673,-0.57794,-0.21277,-0.74396,0.25940
4682,-0.57819,-0.21295,-0.74408,0.25836
4693,-0.57837,-0.21313,-0.74420,0.25751
4703,-0.57849,-0.21350,-0.74420,0.25677
4713,-0.57880,-0.21442,-0.74396,0.25616
4723,-0.57916,-0.21594,-0.74341,0.25555
4734,-0.57965,-0.21753,-0.74286,0.25488
4743,-0.58032,-0.21893,-0.74225,0.25385
4752,-0.58112,-0.22034,-0.74182,0.25220
4763,-0.58154,-0.22192,-0.74170,0.25000
4773,-0.58142,-0.22369,-0.74213,0.24744
4782,-0.58081,-0.22559,-0.74298,0.24457
4793,-0.58002,-0.22705,-0.74426,0.24127
4802,-0.57941,-0.22766,-0.74585,0.23724
4814,-0.57886,-0.22766,-0.74780,0.23242
4823,-0.57849,-0.22711,-0.74988,0.22687
4832,-0.57874,-0.22540,-0.75201,0.22101
4843,-0.57941,-0.22180,-0.75409,0.21570
4852,-0.58063,-0.21619,-0.75598,0.21143
4863,-0.58203,-0.20929,-0.75775,0.20819
4873,-0.58374,-0.20258,-0.75897,0.20569
4882,-0.58636,-0.19739,-0.75885,0.20343
4893,-0.59003,-0.19440,-0.75751,0.20093
4902,-0.59436,-0.19354,-0.75500,0.19824
4913,-0.59906,-0.19385,-0.75201,0.19537
4922,-0.60321,-0.19409,-0.74927,0.19257
4933,-0.60614,-0.19379,-0.74744,0.19086
4943,-0.60797,-0.19287,-0.74646,0.18982
4952,-0.60992,-0.19104,-0.74561,0.18878
4963,-0.61237,-0.18866,-0.74463,0.18719
4972,-0.61493,-0.18634,-0.74353,0.18542
4983,-0.61725,-0.18488,-0.74231,0.18402
4993,-0.61938,-0.18451,-0.74091,0.18292
5003,-0.62134,-0.18481,-0.73938,0.18201
5013,-0.62305,-0.18549,-0.73798,0.18146
5022,-0.62421,-0.18646,-0.73669,0.18146
5033,-0.62500,-0.18738,-0.73566,0.18195
5042,-0.62561,-0.18744,-0.73486,0.18311
5053,-0.62573,-0.18640,-0.73450,0.18512
5063,-0.62567,-0.18475,-0.73444,0.18738
5072,-0.62561,-0.18323,-0.73438,0.18939
5083,-0.62561,-0.18237,-0.73419,0.19080
5092,-0.62585,-0.18243,-0.73376,0.19153
5103,-0.62622,-0.18311,-0.73315,0.19202
5112,-0.62671,-0.18396,-0.73248,0.19226
5123,-0.62726,-0.18463,-0.73181,0.19232
5133,-0.62756,-0.18488,-0.73145,0.19257
5142,-0.62756,-0.18475,-0.73132,0.19299
5153,-0.62732,-0.18420,-0.73163,0.19342
5162,-0.62695,-0.18323,-0.73212,0.19360
5172,-0.62665,-0.18201,-0.73273,0.19330
5183,-0.62659,-0.18066,-0.73334,0.19250
5192,-0.62683,-0.17914,-0.73383,0.19128
5203,-0.62732,-0.17743,-0.73419,0.18976
5212,-0.62793,-0.17572,-0.73450,0.18823
5222,-0.62854,-0.17389,-0.73474,0.18695
5233,-0.62909,-0.17212,-0.73499,0.18591
5242,-0.62964,-0.17041,-0.73505,0.18500
5253,-0.63025,-0.16864,-0.73517,0.18439
5262,-0.63074,-0.16663,-0.73529,0.18408
5273,-0.63123,-0.16455,-0.73535,0.18390
5282,-0.63171,-0.16248,-0.73541,0.18372
5292,-0.63232,-0.16052,-0.73541,0.18335
5303,-0.63324,-0.15863,-0.73523,0.18268
5312,-0.63464,-0.15668,-0.73462,0.18182
5323,-0.63605,-0.15472,-0.73395,0.18134
5332,-0.63696,-0.15314,-0.73340,0.18164
5341,-0.63727,-0.15222,-0.73309,0.18262
5352,-0.63702,-0.15179,-0.73309,0.18384
5362,-0.63666,-0.15149,-0.73334,0.18457
5373,-0.63617,-0.15094,-0.73389,0.18445
5382,-0.63574,-0.15002,-0.73468,0.18335
5393,-0.63544,-0.14874,-0.73566,0.18164
5402,-0.63531,-0.14703,-0.73657,0.17963
5412,-0.63550,-0.14520,-0.73730,0.17749
5422,-0.63593,-0.14331,-0.73785,0.17542
5432,-0.63647,-0.14160,-0.73810,0.17352
5443,-0.63727,-0.14001,-0.73810,0.17212
5452,-0.63800,-0.13855,-0.73792,0.17133
5463,-0.63867,-0.13733,-0.73761,0.17108
5472,-0.63928,-0.13654,-0.73724,0.17090
5482,-0.64008,-0.13586,-0.73688,0.17035
5493,-0.64087,-0.13507,-0.73657,0.16907
5502,-0.64178,-0.13397,-0.73645,0.16718
5513,-0.64276,-0.13245,-0.73639,0.16473
5522,-0.64392,-0.13068,-0.73627,0.16217
5532,-0.64514,-0.12885,-0.73602,0.15973
5542,-0.64636,-0.12732,-0.73566,0.15784
5552,-0.64734,-0.12604,-0.73517,0.15686
5563,-0.64825,-0.12488,-0.73468,0.15662
5572,-0.64905,-0.12347,-0.73413,0.15674
5581,-0.64996,-0.12177,-0.73364,0.15680
5592,-0.65094,-0.11987,-0.73309,0.15674
5602,-0.65192,-0.11798,-0.73260,0.15643
5613,-0.65283,-0.11627,-0.73218,0.15594
5622,-0.65350,-0.11475,-0.73193,0.15533
5633,-0.65405,-0.11334,-0.73187,0.15436
5642,-0.65430,-0.11188,-0.73212,0.15314
5651,-0.65442,-0.11017,-0.73254,0.15161
5662,-0.65472,-0.10815,-0.73297,0.14990
5672,-0.65515,-0.10596,-0.73328,0.14832
5683,-0.65558,-0.10370,-0.73340,0.14703
5692,-0.65613,-0.10156,-0.73340,0.14624
5701,-0.65680,-0.09961,-0.73322,0.14563
5712,-0.65753,-0.09796,-0.73285,0.14514
5721,-0.65845,-0.09650,-0.73230,0.14459
5732,-0.65948,-0.09521,-0.73169,0.14392
5742,-0.66071,-0.09393,-0.73090,0.14307
5751,-0.66211,-0.09283,-0.72998,0.14197
5762,-0.66382,-0.09186,-0.72882,0.14081
5771,-0.66589,-0.09094,-0.72723,0.13983
5782,-0.66827,-0.09033,-0.72516,0.13934
5791,-0.67090,-0.09015,-0.72272,0.13953
5802,-0.67371,-0.09045,-0.71991,0.14038
5812,-0.67670,-0.09119,-0.71674,0.14172
5823,-0.68005,-0.09204,-0.71320,0.14313
5832,-0.68384,-0.09241,-0.70935,0.14410
5841,-0.68817,-0.09204,-0.70508,0.14441
5852,-0.69305,-0.09100,-0.70050,0.14423
5861,-0.69861,-0.08960,-0.69519,0.14392
5872,-0.70496,-0.08832,-0.68884,0.14429
5882,-0.71216,-0.08746,-0.68115,0.14594
5892,-0.71985,-0.08722,-0.67242,0.14893
5902,-0.72778,-0.08716,-0.66284,0.15302
5911,-0.73602,-0.08679,-0.65259,0.15790
5922,-0.74426,-0.08582,-0.64197,0.16315
5931,-0.75220,-0.08435,-0.63153,0.16833
5942,-0.75995,-0.08319,-0.62103,0.17328
5952,-0.76752,-0.08337,-0.61017,0.17810
5961,-0.77460,-0.08612,-0.59937,0.18274
5972,-0.78088,-0.09155,-0.58923,0.18640
5981,-0.78589,-0.09875,-0.58087,0.18799
5992,-0.78918,-0.10559,-0.57538,0.18719
6001,-0.79095,-0.10919,-0.57318,0.18427
6012,-0.79224,-0.10754,-0.57318,0.17981
6022,-0.79358,-0.10114,-0.57385,0.17535
6031,-0.79486,-0.09265,-0.57428,0.17297
6042,-0.79639,-0.08508,-0.57349,0.17249
6051,-0.79755,-0.08130,-0.57233,0.17285
6062,-0.79791,-0.08301,-0.57159,0.17267
6071,-0.79767,-0.08862,-0.57159,0.17102
6081,-0.79663,-0.09479,-0.57288,0.16821
6092,-0.79462,-0.09869,-0.57593,0.16473
6101,-0.79205,-0.09821,-0.58075,0.16064
6112,-0.78937,-0.09198,-0.58655,0.15668
6121,-0.78717,-0.08063,-0.59186,0.15363
6132,-0.78558,-0.06708,-0.59607,0.15204
6142,-0.78448,-0.05499,-0.59906,0.15088
6151,-0.78412,-0.04584,-0.60065,0.14966
6162,-0.78430,-0.03943,-0.60120,0.14813
6171,-0.78491,-0.03564,-0.60114,0.14618
6182,-0.78558,-0.03369,-0.60095,0.14374
6191,-0.78601,-0.03235,-0.60107,0.14117
6201,-0.78613,-0.03040,-0.60162,0.13873
6212,-0.78607,-0.02771,-0.60223,0.13672
6221,-0.78601,-0.02466,-0.60278,0.13538
6232,-0.78595,-0.02179,-0.60315,0.13452
6241,-0.78607,-0.01978,-0.60327,0.13367
6251,-0.78638,-0.01868,-0.60327,0.13226
6262,-0.78680,-0.01837,-0.60309,0.13013
6271,-0.78729,-0.01862,-0.60303,0.12756
6282,-0.78748,-0.01886,-0.60333,0.12482
6291,-0.78748,-0.01862,-0.60388,0.12201
6302,-0.78729,-0.01764,-0.60480,0.11908
6311,-0.78711,-0.01569,-0.60565,0.11621
6321,-0.78693,-0.01288,-0.60645,0.11359
6332,-0.78674,-0.00970,-0.60718,0.11133
6341,-0.78668,-0.00671,-0.60767,0.10931
6350,-0.78668,-0.00397,-0.60797,0.10754
6361,-0.78693,-0.00146,-0.60797,0.10590
6371,-0.78711,0.00092,-0.60797,0.10431
6382,-0.78717,0.00342,-0.60815,0.10272
6391,-0.78687,0.00586,-0.60876,0.10107
6400,-0.78638,0.00812,-0.60974,0.09937
6411,-0.78583,0.01019,-0.61072,0.09760
6421,-0.78534,0.01196,-0.61157,0.09589
6432,-0.78485,0.01355,-0.61237,0.09424
6441,-0.78436,0.01501,-0.61328,0.09265
6452,-0.78381,0.01660,-0.61414,0.09094
6461,-0.78345,0.01831,-0.61481,0.08917
6470,-0.78320,0.02026,-0.61536,0.08710
6481,-0.78308,0.02240,-0.61578,0.08490
6491,-0.78302,0.02454,-0.61609,0.08270
6502,-0.78290,0.02667,-0.61633,0.08075
6511,-0.78284,0.02881,-0.61658,0.07904
6520,-0.78284,0.03076,-0.61670,0.07770
6531,-0.78278,0.03247,-0.61676,0.07684
6541,-0.78278,0.03357,-0.61676,0.07623
6552,-0.78296,0.03418,-0.61658,0.07556
6561,-0.78320,0.03430,-0.61633,0.07471
6572,-0.78351,0.03424,-0.61609,0.07367
6581,-0.78363,0.03436,-0.61609,0.07245
6590,-0.78357,0.03516,-0.61627,0.07086
6601,-0.78333,0.03662,-0.61676,0.06885
6611,-0.78308,0.03882,-0.61725,0.06659
6622,-0.78271,0.04144,-0.61774,0.06445
6631,-0.78229,0.04407,-0.61823,0.06256
6640,-0.78198,0.04645,-0.61865,0.06085
6651,-0.78174,0.04846,-0.61896,0.05933
6661,-0.78162,0.05005,-0.61908,0.05804
6671,-0.78168,0.05139,-0.61902,0.05664
6681,-0.78192,0.05267,-0.61877,0.05518
6690,-0.78223,0.05414,-0.61841,0.05359
6701,-0.78241,0.05591,-0.61810,0.05206
6710,-0.78241,0.05798,-0.61804,0.05054
6721,-0.78217,0.06030,-0.61829,0.04901
6731,-0.78162,0.06281,-0.61884,0.04755
6742,-0.78076,0.06555,-0.61975,0.04620
6751,-0.77960,0.06854,-0.62091,0.04480
6760,-0.77832,0.07166,-0.62238,0.04321
6771,-0.77698,0.07465,-0.62372,0.04150
6780,-0.77588,0.07727,-0.62488,0.03973
6791,-0.77490,0.07947,-0.62598,0.03809
6801,-0.77405,0.08118,-0.62695,0.03668
6810,-0.77313,0.08264,-0.62787,0.03540
6821,-0.77216,0.08435,-0.62891,0.03430
6830,-0.77106,0.08649,-0.63007,0.03320
6841,-0.76959,0.08942,-0.63147,0.03210
6850,-0.76782,0.09326,-0.63318,0.03101
6861,-0.76556,0.09814,-0.63519,0.02991
6871,-0.76300,0.10358,-0.63745,0.02899
6880,-0.76013,0.10913,-0.63995,0.02832
6891,-0.75714,0.11414,-0.64264,0.02765
6900,-0.75409,0.11810,-0.64557,0.02679
6911,-0.75104,0.12079,-0.64868,0.02551
6921,-0.74780,0.12256,-0.65216,0.02411
6930,-0.74426,0.12396,-0.65594,0.02271
6941,-0.74066,0.12531,-0.65979,0.02155
6950,-0.73724,0.12665,-0.66339,0.02057
6961,-0.73407,0.12775,-0.66669,0.02002
6970,-0.73102,0.12836,-0.66992,0.02008
6981,-0.72809,0.12848,-0.67310,0.02032
6991,-0.72528,0.12811,-0.67621,0.02020
7000,-0.72253,0.12695,-0.67938,0.01904
7011,-0.71997,0.12518,-0.68243,0.01660
7020,-0.71765,0.12347,-0.68530,0.01300
7031,-0.71582,0.12238,-0.68744,0.00854
7040,-0.71448,0.12164,-0.68903,0.00348
7050,-0.71332,0.12067,-0.69043,-0.00183
7061,-0.71234,0.11902,-0.69171,-0.00696
7070,-0.71161,0.11603,-0.69287,-0.01166
7081,-0.71118,0.11163,-0.69397,-0.01624
7090,-0.71094,0.10681,-0.69489,-0.02002
7101,-0.71088,0.10217,-0.69556,-0.02252
7110,-0.71106,0.09857,-0.69586,-0.02386
7120,-0.71143,0.09674,-0.69574,-0.02466
7131,-0.71155,0.09698,-0.69550,-0.02570
7140,-0.71130,0.09918,-0.69537,-0.02716
7151,-0.71075,0.10309,-0.69531,-0.02911
7160,-0.70990,0.10779,-0.69537,-0.03143
7170,-0.70880,0.11218,-0.69568,-0.03418
7181,-0.70764,0.11554,-0.69617,-0.03723
7190,-0.70667,0.11719,-0.69666,-0.04041
7201,-0.70624,0.11719,-0.69690,-0.04309
7211,-0.70636,0.11627,-0.69684,-0.04498
7220,-0.70709,0.11517,-0.69623,-0.04614
7231,-0.70807,0.11481,-0.69525,-0.04669
7240,-0.70886,0.11591,-0.69421,-0.04694
7250,-0.70935,0.11865,-0.69330,-0.04712
7261,-0.70935,0.12274,-0.69250,-0.04779
7270,-0.70892,0.12762,-0.69196,-0.04926
7280,-0.70819,0.13263,-0.69159,-0.05133
7291,-0.70740,0.13715,-0.69141,-0.05371
7300,-0.70660,0.14075,-0.69128,-0.05585
7311,-0.70624,0.14301,-0.69104,-0.05756
7320,-0.70624,0.14417,-0.69067,-0.05865
7330,-0.70660,0.14447,-0.69025,-0.05896
7341,-0.70715,0.14453,-0.68976,-0.05859
7350,-0.70764,0.14508,-0.68915,-0.05798
7361,-0.70795,0.14655,-0.68860,-0.05743
7370,-0.70789,0.14893,-0.68811,-0.05743
7379,-0.70758,0.15216,-0.68768,-0.05798
7390,-0.70697,0.15582,-0.68738,-0.05908
7400,-0.70618,0.15924,-0.68726,-0.06073
7411,-0.70538,0.16187,-0.68732,-0.06268
7420,-0.70477,0.16345,-0.68744,-0.06439
7431,-0.70447,0.16400,-0.68744,-0.06573
7440,-0.70453,0.16406,-0.68732,-0.06635
7449,-0.70465,0.16418,-0.68719,-0.06622
7460,-0.70477,0.16437,-0.68707,-0.06561
7470,-0.70483,0.16479,-0.68695,-0.06494
7481,-0.70496,0.16547,-0.68671,-0.06451
7490,-0.70502,0.16638,-0.68640,-0.06464
7499,-0.70514,0.16779,-0.68591,-0.06512
7510,-0.70502,0.16974,-0.68549,-0.06604
7520,-0.70477,0.17230,-0.68500,-0.06714
7530,-0.70441,0.17535,-0.68445,-0.06830
7540,-0.70404,0.17883,-0.68384,-0.06952
7551,-0.70355,0.18268,-0.68317,-0.07062
7560,-0.70312,0.18665,-0.68250,-0.07135
7569,-0.70276,0.19031,-0.68176,-0.07202
7580,-0.70251,0.19336,-0.68109,-0.07269
7590,-0.70215,0.19562,-0.68073,-0.07330
7601,-0.70190,0.19702,-0.68054,-0.07404
7610,-0.70166,0.19788,-0.68048,-0.07483
7619,-0.70148,0.19843,-0.68036,-0.07587
7630,-0.70129,0.19910,-0.68018,-0.07709
7639,-0.70117,0.20007,-0.67987,-0.07837
7650,-0.70105,0.20135,-0.67950,-0.07977
7660,-0.70081,0.20288,-0.67914,-0.08124
7671,-0.70044,0.20447,-0.67883,-0.08270
7680,-0.70001,0.20593,-0.67865,-0.08423
7689,-0.69971,0.20709,-0.67834,-0.08594
7700,-0.69952,0.20813,-0.67804,-0.08771
7710,-0.69940,0.20917,-0.67761,-0.08942
7721,-0.69934,0.21033,-0.67712,-0.09100
7730,-0.69928,0.21167,-0.67657,-0.09247
7739,-0.69922,0.21301,-0.67603,-0.09387
7750,-0.69910,0.21429,-0.67554,-0.09521
7759,-0.69879,0.21552,-0.67523,-0.09662
7770,-0.69830,0.21680,-0.67511,-0.09821
7780,-0.69769,0.21808,-0.67511,-0.09979
7789,-0.69708,0.21930,-0.67511,-0.10162
7800,-0.69653,0.22052,-0.67499,-0.10352
7809,-0.69611,0.22168,-0.67474,-0.10516
7820,-0.69580,0.22284,-0.67450,-0.10663
7830,-0.69550,0.22388,-0.67419,-0.10791
7839,-0.69519,0.22510,-0.67395,-0.10907
7850,-0.69464,0.22656,-0.67383,-0.11023
7859,-0.69391,0.22845,-0.67377,-0.11151
7870,-0.69281,0.23047,-0.67395,-0.11292
7879,-0.69165,0.23254,-0.67419,-0.11438
7890,-0.69037,0.23450,-0.67462,-0.11572
7900,-0.68903,0.23633,-0.67511,-0.11676
7909,-0.68762,0.23834,-0.67572,-0.11755
7920,-0.68610,0.24066,-0.67633,-0.11829
7930,-0.68408,0.24371,-0.67719,-0.11890
7939,-0.68164,0.24768,-0.67810,-0.11932
7950,-0.67877,0.25244,-0.67920,-0.11975
7959,-0.67554,0.25757,-0.68036,-0.12042
7970,-0.67212,0.26245,-0.68170,-0.12128
7979,-0.66870,0.26648,-0.68341,-0.12177
7989,-0.66547,0.26947,-0.68542,-0.12183
8000,-0.66248,0.27124,-0.68762,-0.12164
8009,-0.65955,0.27209,-0.69012,-0.12128
8020,-0.65631,0.27283,-0.69305,-0.12073
8029,-0.65271,0.27429,-0.69592,-0.12030
8039,-0.64899,0.27698,-0.69843,-0.12006
8050,-0.64514,0.28113,-0.70026,-0.12018
8059,-0.64099,0.28668,-0.70178,-0.12061
8070,-0.63580,0.29303,-0.70386,-0.12079
8079,-0.62952,0.29913,-0.70691,-0.12073
8090,-0.62244,0.30432,-0.71094,-0.12085
8099,-0.61499,0.30835,-0.71552,-0.12177
8109,-0.60779,0.31177,-0.71973,-0.12415
8120,-0.60205,0.31476,-0.72241,-0.12872
8129,-0.59839,0.31732,-0.72333,-0.13464
8140,-0.59692,0.31958,-0.72247,-0.14038
8149,-0.59711,0.32153,-0.72058,-0.14459
8159,-0.59802,0.32288,-0.71893,-0.14606
8169,-0.59888,0.32318,-0.71832,-0.14484
8179,-0.59882,0.32263,-0.71924,-0.14172
8190,-0.59723,0.32147,-0.72180,-0.13788
8199,-0.59424,0.32025,-0.72540,-0.13470
8210,-0.59003,0.31958,-0.72931,-0.13361
8219,-0.58527,0.32013,-0.73254,-0.13562
8229,-0.58057,0.32196,-0.73474,-0.13959
8240,-0.57611,0.32471,-0.73621,-0.14392
8249,-0.57220,0.32788,-0.73706,-0.14801
8260,-0.56873,0.33112,-0.73773,-0.15100
8269,-0.56549,0.33423,-0.73853,-0.15204
8279,-0.56262,0.33673,-0.73981,-0.15100
8290,-0.56018,0.33801,-0.74158,-0.14844
8299,-0.55835,0.33765,-0.74371,-0.14551
8310,-0.55707,0.33600,-0.74591,-0.14294
8319,-0.55591,0.33356,-0.74829,-0.14087
8328,-0.55463,0.33087,-0.75067,-0.13959
8339,-0.55298,0.32843,-0.75299,-0.13947
8349,-0.55084,0.32648,-0.75513,-0.14056
8360,-0.54858,0.32550,-0.75684,-0.14276
8369,-0.54626,0.32574,-0.75787,-0.14539
8380,-0.54431,0.32697,-0.75830,-0.14801
8389,-0.54297,0.32892,-0.75800,-0.15002
8398,-0.54254,0.33087,-0.75726,-0.15106
8409,-0.54309,0.33252,-0.75604,-0.15149
8419,-0.54431,0.33392,-0.75458,-0.15131
8430,-0.54584,0.33521,-0.75305,-0.15063
8439,-0.54718,0.33624,-0.75177,-0.14984
8448,-0.54834,0.33679,-0.75079,-0.14923
8459,-0.54919,0.33698,-0.75006,-0.14923
8469,-0.54968,0.33698,-0.74957,-0.14996
8480,-0.54980,0.33698,-0.74927,-0.15118
8489,-0.54956,0.33734,-0.74896,-0.15265
8500,-0.54919,0.33820,-0.74854,-0.15405
8509,-0.54889,0.33923,-0.74792,-0.15576
8518,-0.54889,0.34027,-0.74701,-0.15790
8529,-0.54926,0.34125,-0.74597,-0.15973
8539,-0.54987,0.34180,-0.74500,-0.16089
8550,-0.55072,0.34174,-0.74426,-0.16138
8559,-0.55182,0.34131,-0.74365,-0.16156
8568,-0.55292,0.34070,-0.74304,-0.16174
8579,-0.55408,0.34021,-0.74237,-0.16199
8588,-0.55518,0.33990,-0.74158,-0.16241
8599,-0.55615,0.33984,-0.74072,-0.16321
8609,-0.55701,0.34003,-0.73981,-0.16400
8620,-0.55762,0.34052,-0.73895,-0.16479
8629,-0.55804,0.34106,-0.73816,-0.16571
8638,-0.55835,0.34180,-0.73737,-0.16675
8649,-0.55865,0.34271,-0.73639,-0.16797
8659,-0.55908,0.34363,-0.73535,-0.16925
8669,-0.55963,0.34454,-0.73425,-0.17047
8679,-0.56018,0.34540,-0.73322,-0.17145
8688,-0.56067,0.34613,-0.73230,-0.17212
8699,-0.56097,0.34674,-0.73169,-0.17255
8708,-0.56116,0.34735,-0.73120,-0.17297
8719,-0.56110,0.34827,-0.73059,-0.17365
8729,-0.56091,0.34943,-0.72992,-0.17487
8738,-0.56067,0.35065,-0.72913,-0.17651
8749,-0.56042,0.35168,-0.72833,-0.17847
8758,-0.56036,0.35254,-0.72742,-0.18054
8769,-0.56049,0.35327,-0.72650,-0.18250
8778,-0.56079,0.35394,-0.72559,-0.18408
8789,-0.56122,0.35468,-0.72455,-0.18530
8799,-0.56177,0.35547,-0.72351,-0.18634
8808,-0.56244,0.35620,-0.72235,-0.18726
8819,-0.56323,0.35663,-0.72125,-0.18829
8828,-0.56409,0.35657,-0.72034,-0.18945
8839,-0.56488,0.35602,-0.71960,-0.19067
8848,-0.56561,0.35504,-0.71912,-0.19226
8859,-0.56610,0.35382,-0.71881,-0.19415
8869,-0.56628,0.35266,-0.71863,-0.19629
8878,-0.56641,0.35175,-0.71832,-0.19873
8889,-0.56647,0.35120,-0.71790,-0.20111
8898,-0.56641,0.35114,-0.71735,-0.20331
8909,-0.56616,0.35168,-0.71692,-0.20465
8919,-0.56567,0.35236,-0.71686,-0.20520
8928,-0.56464,0.35266,-0.71741,-0.20538
8939,-0.56305,0.35242,-0.71869,-0.20587
8948,-0.56079,0.35168,-0.72046,-0.20691
8959,-0.55792,0.35095,-0.72253,-0.20868
8968,-0.55426,0.35114,-0.72467,-0.21088
8978,-0.54950,0.35309,-0.72675,-0.21289
8989,-0.54388,0.35712,-0.72839,-0.21478
8998,-0.53802,0.36322,-0.72925,-0.21661
9009,-0.53210,0.37036,-0.72949,-0.21826
9018,-0.52643,0.37781,-0.72906,-0.22058
9028,-0.52051,0.38531,-0.72870,-0.22284
9039,-0.51477,0.39160,-0.72882,-0.22498
9048,-0.50958,0.39606,-0.72913,-0.22778
9059,-0.50488,0.39880,-0.72980,-0.23145
9068,-0.50055,0.39990,-0.73077,-0.23584
9079,-0.49634,0.40039,-0.73175,-0.24066
9088,-0.49243,0.40125,-0.73236,-0.24542
9098,-0.48914,0.40228,-0.73230,-0.25037
9109,-0.48669,0.40350,-0.73120,-0.25641
9118,-0.48474,0.40540,-0.72858,-0.26440
9129,-0.48315,0.40729,-0.72479,-0.27448
9138,-0.48163,0.40851,-0.72107,-0.28510
9148,-0.47949,0.40863,-0.71851,-0.29486
9159,-0.47662,0.40796,-0.71698,-0.30408
9168,-0.47375,0.40710,-0.71570,-0.31256
9179,-0.47113,0.40631,-0.71442,-0.32037
9188,-0.46906,0.40588,-0.71277,-0.32745
9198,-0.46796,0.40619,-0.71039,-0.33386
9209,-0.46820,0.40710,-0.70691,-0.33972
9218,-0.46979,0.40826,-0.70251,-0.34515
9229,-0.47235,0.40918,-0.69769,-0.35040
9238,-0.47528,0.40967,-0.69312,-0.35486
9247,-0.47821,0.40967,-0.68951,-0.35791
9259,-0.48108,0.40900,-0.68707,-0.35956
9268,-0.48401,0.40753,-0.68573,-0.35986
9279,-0.48724,0.40546,-0.68506,-0.35913
9288,-0.49072,0.40350,-0.68481,-0.35706
9297,-0.49408,0.40222,-0.68494,-0.35364
9308,-0.49731,0.40186,-0.68500,-0.34937
9318,-0.50037,0.40228,-0.68475,-0.34497
9329,-0.50305,0.40326,-0.68420,-0.34094
9338,-0.50507,0.40454,-0.68390,-0.33716
9347,-0.50635,0.40588,-0.68384,-0.33368
9358,-0.50684,0.40710,-0.68402,-0.33105
9368,-0.50659,0.40839,-0.68408,-0.32965
9379,-0.50568,0.40991,-0.68408,-0.32916
9388,-0.50458,0.41168,-0.68390,-0.32904
9399,-0.50354,0.41327,-0.68372,-0.32910
9408,-0.50281,0.41449,-0.68353,-0.32910
9417,-0.50262,0.41522,-0.68329,-0.32892
9428,-0.50287,0.41559,-0.68298,-0.32874
9438,-0.50323,0.41559,-0.68262,-0.32880
9449,-0.50348,0.41559,-0.68225,-0.32928
9458,-0.50342,0.41571,-0.68176,-0.33020
9467,-0.50299,0.41620,-0.68115,-0.33148
9478,-0.50232,0.41699,-0.68036,-0.33307
9488,-0.50171,0.41809,-0.67938,-0.33466
9497,-0.50134,0.41919,-0.67834,-0.33594
9508,-0.50146,0.42029,-0.67725,-0.33667
9518,-0.50195,0.42133,-0.67609,-0.33685
9529,-0.50262,0.42218,-0.67505,-0.33685
9538,-0.50317,0.42273,-0.67432,-0.33679
9547,-0.50354,0.42297,-0.67395,-0.33679
9558,-0.50372,0.42279,-0.67389,-0.33679
9567,-0.50372,0.42242,-0.67401,-0.33698
9578,-0.50354,0.42224,-0.67413,-0.33734
9588,-0.50323,0.42230,-0.67401,-0.33795
9599,-0.50293,0.42273,-0.67352,-0.33887
9608,-0.50275,0.42346,-0.67279,-0.33960
9617,-0.50281,0.42438,-0.67200,-0.33997
9628,-0.50305,0.42535,-0.67114,-0.34009
9638,-0.50336,0.42621,-0.67023,-0.34027
9649,-0.50385,0.42694,-0.66925,-0.34064
9658,-0.50427,0.42749,-0.66833,-0.34119
9667,-0.50464,0.42761,-0.66754,-0.34198
9678,-0.50488,0.42737,-0.66681,-0.34332
9687,-0.50507,0.42712,-0.66595,-0.34497
9698,-0.50525,0.42725,-0.66498,-0.34656
9708,-0.50549,0.42780,-0.66370,-0.34790
9717,-0.50586,0.42859,-0.66229,-0.34906
9728,-0.50623,0.42938,-0.66089,-0.35022
9737,-0.50647,0.43018,-0.65955,-0.35150
9748,-0.50659,0.43079,-0.65833,-0.35278
9758,-0.50677,0.43127,-0.65717,-0.35413
9767,-0.50708,0.43140,-0.65607,-0.35553
9778,-0.50751,0.43146,-0.65497,-0.35687
9787,-0.50800,0.43134,-0.65399,-0.35815
9798,-0.50861,0.43121,-0.65289,-0.35944
9807,-0.50934,0.43140,-0.65137,-0.36090
9818,-0.51019,0.43213,-0.64929,-0.36255
9828,-0.51074,0.43372,-0.64679,-0.36432
9837,-0.51123,0.43604,-0.64368,-0.36639
9848,-0.51233,0.43811,-0.64014,-0.36853
9857,-0.51471,0.43890,-0.63617,-0.37122
9868,-0.51831,0.43835,-0.63171,-0.37445
9878,-0.52277,0.43689,-0.62732,-0.37738
9887,-0.52789,0.43451,-0.62311,-0.37988
9898,-0.53363,0.43140,-0.61896,-0.38226
9907,-0.53961,0.42804,-0.61481,-0.38434
9918,-0.54547,0.42511,-0.61066,-0.38593
9927,-0.55084,0.42285,-0.60669,-0.38702
9937,-0.55591,0.42114,-0.60248,-0.38831
9948,-0.56073,0.42004,-0.59729,-0.39056
9957,-0.56525,0.42004,-0.59094,-0.39362
9968,-0.56897,0.42126,-0.58411,-0.39716
9977,-0.57178,0.42322,-0.57715,-0.40118
9988,-0.57391,0.42523,-0.57037,-0.40570
9998,-0.57556,0.42712,-0.56396,-0.41022
10007,-0.57721,0.42834,-0.55817,-0.41461
10018,-0.57959,0.42798,-0.55292,-0.41870
10027,-0.58289,0.42560,-0.54883,-0.42188
10038,-0.58691,0.42175,-0.54602,-0.42377
10047,-0.59076,0.41730,-0.54419,-0.42523
10057,-0.59448,0.41278,-0.54163,-0.42773
10068,-0.59784,0.40955,-0.53906,-0.42938
10077,-0.60089,0.40643,-0.53778,-0.42963
10088,-0.60345,0.40106,-0.53925,-0.42920
10097,-0.60590,0.39276,-0.54346,-0.42816
10108,-0.60834,0.38300,-0.54956,-0.42578
10117,-0.61078,0.37366,-0.55640,-0.42175
10127,-0.61273,0.36658,-0.56262,-0.41681
10138,-0.61346,0.36407,-0.56653,-0.41266
10147,-0.61237,0.36810,-0.56659,-0.41058
10158,-0.60931,0.37854,-0.56287,-0.41077
10167,-0.60510,0.39301,-0.55560,-0.41321
10177,-0.60065,0.40912,-0.54474,-0.41858
10188,-0.59698,0.42401,-0.53137,-0.42609
10197,-0.59515,0.43555,-0.51770,-0.43378
10208,-0.59558,0.44214,-0.50629,-0.44000
10217,-0.59833,0.44379,-0.49878,-0.44312
10226,-0.60272,0.44153,-0.49548,-0.44312
10237,-0.60681,0.43762,-0.49579,-0.44110
10247,-0.60913,0.43506,-0.49762,-0.43829
10258,-0.60925,0.43561,-0.49884,-0.43628
10267,-0.60718,0.44037,-0.49689,-0.43652
10276,-0.60382,0.44916,-0.49078,-0.43909
10287,-0.60046,0.46002,-0.48199,-0.44226
10297,-0.59784,0.47021,-0.47357,-0.44421
10308,-0.59601,0.47797,-0.46777,-0.44446
10317,-0.59436,0.48297,-0.46564,-0.44360
10326,-0.59277,0.48529,-0.46619,-0.44257
10337,-0.59082,0.48608,-0.46838,-0.44189
10347,-0.58850,0.48615,-0.47144,-0.44177
10358,-0.58600,0.48596,-0.47467,-0.44177
10367,-0.58362,0.48633,-0.47778,-0.44122
10378,-0.58130,0.48767,-0.48041,-0.44000
10387,-0.57947,0.48999,-0.48175,-0.43835
10396,-0.57794,0.49298,-0.48169,-0.43695
10407,-0.57666,0.49597,-0.48096,-0.43610
10417,-0.57544,0.49829,-0.48047,-0.43561
10428,-0.57422,0.49969,-0.48071,-0.43536
10437,-0.57294,0.50012,-0.48175,-0.43536
10446,-0.57166,0.50012,-0.48340,-0.43530
10457,-0.57019,0.50018,-0.48517,-0.43506
10467,-0.56848,0.50073,-0.48676,-0.43506
10477,-0.56653,0.50177,-0.48767,-0.43530
10487,-0.56458,0.50311,-0.48798,-0.43591
10496,-0.56293,0.50458,-0.48785,-0.43658
10507,-0.56152,0.50592,-0.48755,-0.43713
10516,-0.56024,0.50726,-0.48724,-0.43756
10527,-0.55872,0.50916,-0.48676,-0.43787
10537,-0.55707,0.51208,-0.48553,-0.43793
10548,-0.55518,0.51617,-0.48328,-0.43805
10557,-0.55292,0.52106,-0.48016,-0.43842
10566,-0.55042,0.52625,-0.47638,-0.43951
10577,-0.54767,0.53107,-0.47247,-0.44135
10586,-0.54474,0.53503,-0.46930,-0.44366
10597,-0.54144,0.53790,-0.46722,-0.44629
10607,-0.53827,0.53986,-0.46625,-0.44885
10616,-0.53558,0.54114,-0.46588,-0.45087
10627,-0.53381,0.54211,-0.46558,-0.45221
10636,-0.53253,0.54291,-0.46527,-0.45300
10647,-0.53156,0.54370,-0.46497,-0.45355
10657,-0.53052,0.54462,-0.46466,-0.45392
10668,-0.52924,0.54596,-0.46429,-0.45416
10677,-0.52747,0.54791,-0.46375,-0.45453
10686,-0.52533,0.55048,-0.46283,-0.45490
10697,-0.52283,0.55341,-0.46161,-0.45532
10706,-0.52039,0.55634,-0.46051,-0.45575
10717,-0.51831,0.55859,-0.45984,-0.45599
10727,-0.51678,0.55975,-0.46014,-0.45599
10736,-0.51569,0.55975,-0.46149,-0.45581
10747,-0.51483,0.55902,-0.46375,-0.45544
10756,-0.51398,0.55798,-0.46649,-0.45490
10767,-0.51288,0.55725,-0.46906,-0.45435
10776,-0.51129,0.55725,-0.47119,-0.45398
10787,-0.50928,0.55780,-0.47284,-0.45386
10797,-0.50702,0.55884,-0.47406,-0.45386
10806,-0.50470,0.56006,-0.47498,-0.45398
10816,-0.50256,0.56116,-0.47571,-0.45416
10827,-0.50073,0.56195,-0.47620,-0.45471
10836,-0.49908,0.56274,-0.47638,-0.45538
10847,-0.49731,0.56378,-0.47626,-0.45612
10856,-0.49524,0.56531,-0.47583,-0.45697
10867,-0.49243,0.56787,-0.47473,-0.45789
10876,-0.48877,0.57190,-0.47266,-0.45898
10886,-0.48425,0.57703,-0.46973,-0.46033
10897,-0.47919,0.58270,-0.46655,-0.46185
10906,-0.47382,0.58807,-0.46405,-0.46289
10917,-0.46844,0.59296,-0.46313,-0.46320
10926,-0.46295,0.59717,-0.46362,-0.46271
10936,-0.45728,0.60132,-0.46527,-0.46136
10947,-0.45160,0.60571,-0.46698,-0.45953
10956,-0.44629,0.61060,-0.46808,-0.45709
10967,-0.44147,0.61597,-0.46851,-0.45416
10976,-0.43683,0.62183,-0.46844,-0.45068
10987,-0.43188,0.62793,-0.46851,-0.44690
10996,-0.42621,0.63367,-0.46954,-0.44312
11006,-0.42004,0.63843,-0.47198,-0.43964
11017,-0.41357,0.64185,-0.47607,-0.43634
11026,-0.40741,0.64380,-0.48193,-0.43286
11036,-0.40210,0.64441,-0.48907,-0.42883
11047,-0.39752,0.64435,-0.49683,-0.42432
11056,-0.39355,0.64374,-0.50415,-0.42017
11067,-0.38971,0.64331,-0.51068,-0.41663
11076,-0.38556,0.64343,-0.51569,-0.41406
11086,-0.38379,0.64404,-0.51685,-0.41327
11097,-0.38312,0.64612,-0.51575,-0.41199
11106,-0.38086,0.64825,-0.51459,-0.41223
11117,-0.37573,0.65002,-0.51453,-0.41418
11126,-0.36975,0.65051,-0.51556,-0.41754
11137,-0.36584,0.64966,-0.51630,-0.42139
11146,-0.36456,0.64807,-0.51678,-0.42438
11155,-0.36420,0.64673,-0.51740,-0.42603
11166,-0.36389,0.64600,-0.51752,-0.42712
11176,-0.36322,0.64636,-0.51672,-0.42816
11187,-0.36194,0.64758,-0.51501,-0.42938
11196,-0.36023,0.64917,-0.51318,-0.43073
11207,-0.35834,0.65033,-0.51196,-0.43188
11216,-0.35699,0.65070,-0.51172,-0.43274
11225,-0.35632,0.65039,-0.51251,-0.43292
11236,-0.35583,0.65002,-0.51349,-0.43274
11246,-0.35535,0.65033,-0.51373,-0.43237
11257,-0.35455,0.65173,-0.51300,-0.43170
11266,-0.35309,0.65363,-0.51196,-0.43127
11275,-0.35095,0.65515,-0.51111,-0.43176
11286,-0.34857,0.65582,-0.51062,-0.43323
11296,-0.34650,0.65570,-0.51038,-0.43536
11307,-0.34503,0.65509,-0.51025,-0.43762
11316,-0.34393,0.65436,-0.51025,-0.43951
11325,-0.34308,0.65405,-0.51013,-0.44080
11336,-0.34222,0.65442,-0.50964,-0.44159
11345,-0.34106,0.65540,-0.50885,-0.44183
11356,-0.33960,0.65680,-0.50836,-0.44147
11366,-0.33771,0.65802,-0.50873,-0.44067
11377,-0.33551,0.65881,-0.50995,-0.43970
11386,-0.33350,0.65924,-0.51160,-0.43872
11397,-0.33215,0.65942,-0.51312,-0.43774
11406,-0.33136,0.65955,-0.51410,-0.43695
11415,-0.33112,0.65973,-0.51447,-0.43646
11426,-0.33112,0.65997,-0.51428,-0.43628
11436,-0.33118,0.66022,-0.51404,-0.43616
11446,-0.33124,0.66040,-0.51392,-0.43597
11456,-0.33112,0.66058,-0.51416,-0.43549
11467,-0.33044,0.66119,-0.51459,-0.43457
11476,-0.32916,0.66229,-0.51471,-0.43372
11485,-0.32751,0.66370,-0.51434,-0.43323
11496,-0.32574,0.66504,-0.51361,-0.43335
11505,-0.32434,0.66595,-0.51300,-0.43384
11516,-0.32355,0.66626,-0.51288,-0.43408
11526,-0.32324,0.66614,-0.51324,-0.43402
11535,-0.32318,0.66583,-0.51385,-0.43384
11546,-0.32294,0.66553,-0.51459,-0.43365
11555,-0.32251,0.66534,-0.51514,-0.43347
11566,-0.32202,0.66534,-0.51550,-0.43347
11575,-0.32141,0.66547,-0.51569,-0.43353
11586,-0.32056,0.66571,-0.51575,-0.43378
11596,-0.31940,0.66608,-0.51562,-0.43408
11607,-0.31818,0.66638,-0.51556,-0.43469
11616,-0.31696,0.66644,-0.51550,-0.43555
11625,-0.31610,0.66632,-0.51556,-0.43628
11636,-0.31555,0.66614,-0.51575,-0.43665
11645,-0.31531,0.66614,-0.51593,-0.43671
11656,-0.31519,0.66614,-0.51605,-0.43658
11666,-0.31525,0.66626,-0.51593,-0.43658
11676,-0.31537,0.66644,-0.51550,-0.43671
11686,-0.31531,0.66669,-0.51489,-0.43707
11695,-0.31482,0.66705,-0.51428,-0.43756
11706,-0.31403,0.66742,-0.51367,-0.43823
11715,-0.31317,0.66785,-0.51318,-0.43890
11726,-0.31219,0.66803,-0.51294,-0.43958
11735,-0.31140,0.66797,-0.51288,-0.44037
11745,-0.31091,0.66766,-0.51300,-0.44098
11756,-0.31067,0.66742,-0.51306,-0.44141
11765,-0.31042,0.66736,-0.51288,-0.44183
11776,-0.31006,0.66766,-0.51251,-0.44208
11785,-0.30975,0.66827,-0.51196,-0.44208
11796,-0.30939,0.66907,-0.51123,-0.44196
11805,-0.30908,0.66992,-0.51044,-0.44171
11816,-0.30878,0.67090,-0.50964,-0.44147
11826,-0.30841,0.67188,-0.50885,-0.44110
11835,-0.30811,0.67273,-0.50812,-0.44080
11846,-0.30768,0.67334,-0.50763,-0.44073
11855,-0.30731,0.67377,-0.50726,-0.44080
11866,-0.30695,0.67413,-0.50696,-0.44086
11875,-0.30658,0.67450,-0.50665,-0.44086
11885,-0.30597,0.67487,-0.50647,-0.44104
11896,-0.30505,0.67505,-0.50629,-0.44153
11905,-0.30408,0.67517,-0.50604,-0.44232
11916,-0.30334,0.67517,-0.50592,-0.44299
11925,-0.30298,0.67505,-0.50592,-0.44336
11936,-0.30267,0.67493,-0.50610,-0.44354
11945,-0.30225,0.67493,-0.50629,-0.44360
11955,-0.30164,0.67505,-0.50641,-0.44366
11966,-0.30090,0.67529,-0.50641,-0.44379
11975,-0.29999,0.67560,-0.50629,-0.44409
11986,-0.29907,0.67584,-0.50616,-0.44458
11995,-0.29840,0.67590,-0.50610,-0.44501
12006,-0.29797,0.67584,-0.50592,-0.44556
12015,-0.29779,0.67566,-0.50574,-0.44617
12025,-0.29767,0.67523,-0.50580,-0.44684
12036,-0.29755,0.67456,-0.50635,-0.44733
12045,-0.29724,0.67365,-0.50739,-0.44769
12056,-0.29688,0.67279,-0.50842,-0.44806
12065,-0.29651,0.67212,-0.50916,-0.44849
12075,-0.29602,0.67175,-0.50922,-0.44922
12086,-0.29565,0.67188,-0.50830,-0.45038
12095,-0.29541,0.67255,-0.50635,-0.45172
12105,-0.29547,0.67340,-0.50378,-0.45331
12116,-0.29572,0.67419,-0.50098,-0.45502
12125,-0.29590,0.67493,-0.49847,-0.45660
12135,-0.29578,0.67554,-0.49658,-0.45776
12146,-0.29517,0.67639,-0.49487,-0.45880
12155,-0.29401,0.67755,-0.49316,-0.45966
12164,-0.29248,0.67883,-0.49188,-0.46014
12176,-0.29083,0.67999,-0.49121,-0.46014
12185,-0.28931,0.68066,-0.49152,-0.45984
12195,-0.28827,0.68042,-0.49310,-0.45911
12206,-0.28827,0.67920,-0.49615,-0.45770
12215,-0.28888,0.67749,-0.50067,-0.45490
12226,-0.28973,0.67621,-0.50562,-0.45074
12235,-0.29022,0.67657,-0.50916,-0.44580
12245,-0.28949,0.67944,-0.50970,-0.44141
12256,-0.28723,0.68451,-0.50610,-0.43915
12265,-0.28430,0.69086,-0.49872,-0.43958
12276,-0.28198,0.69739,-0.48853,-0.44214
12285,-0.28180,0.70221,-0.47699,-0.44720
12295,-0.28485,0.70410,-0.46710,-0.45276
12304,-0.29016,0.70282,-0.46326,-0.45526
12315,-0.29462,0.70068,-0.46716,-0.45166
12325,-0.29657,0.69843,-0.47504,-0.44568
12336,-0.29681,0.69629,-0.48230,-0.44098
12345,-0.29626,0.69440,-0.48657,-0.43970
12354,-0.29443,0.69318,-0.48651,-0.44293
12365,-0.29144,0.69287,-0.48224,-0.45001
12375,-0.28741,0.69305,-0.47736,-0.45734
12386,-0.28314,0.69269,-0.47577,-0.46222
12395,-0.27942,0.69043,-0.47943,-0.46417
12404,-0.27618,0.68640,-0.48773,-0.46338
12415,-0.27209,0.68176,-0.49774,-0.46198
12424,-0.26532,0.67786,-0.50488,-0.46399
12435,-0.25525,0.67615,-0.50604,-0.47076
12445,-0.24438,0.67780,-0.50018,-0.48035
12454,-0.23340,0.68140,-0.48956,-0.49152
12465,-0.22223,0.68420,-0.47809,-0.50397
12475,-0.21130,0.68451,-0.46924,-0.51642
12484,-0.20099,0.68188,-0.46442,-0.52814
12495,-0.19244,0.67755,-0.46301,-0.53809
12505,-0.18561,0.67352,-0.46222,-0.54614
12514,-0.18048,0.67151,-0.45758,-0.55420
12525,-0.17719,0.67114,-0.45178,-0.56042
12535,-0.17419,0.67163,-0.44531,-0.56598
12544,-0.17126,0.67200,-0.43854,-0.57172
12554,-0.16858,0.67188,-0.43213,-0.57745
12565,-0.16528,0.67169,-0.42676,-0.58258
12575,-0.16180,0.67163,-0.42249,-0.58667
12584,-0.15900,0.67181,-0.42017,-0.58893
12595,-0.15790,0.67114,-0.42133,-0.58917
12604,-0.15863,0.66980,-0.42523,-0.58771
12614,-0.16113,0.66858,-0.43091,-0.58429
12625,-0.16467,0.66760,-0.43756,-0.57947
12634,-0.16827,0.66693,-0.44403,-0.57422
12645,-0.17151,0.66644,-0.44952,-0.56958
12655,-0.17432,0.66644,-0.45331,-0.56567
12664,-0.17633,0.66711,-0.45544,-0.56256
12675,-0.17712,0.66827,-0.45642,-0.56012
12684,-0.17670,0.66986,-0.45630,-0.55847
12695,-0.17542,0.67151,-0.45551,-0.55756
12704,-0.17377,0.67297,-0.45447,-0.55707
12715,-0.17218,0.67413,-0.45367,-0.55682
12725,-0.17151,0.67493,-0.45337,-0.55640
12734,-0.17206,0.67523,-0.45361,-0.55560
12745,-0.17371,0.67529,-0.45416,-0.55457
12754,-0.17596,0.67535,-0.45465,-0.55341
12765,-0.17804,0.67566,-0.45514,-0.55200
12774,-0.17938,0.67621,-0.45532,-0.55072
12784,-0.17981,0.67700,-0.45502,-0.54987
12795,-0.17963,0.67792,-0.45435,-0.54932
12804,-0.17908,0.67877,-0.45325,-0.54938
12815,-0.17853,0.67944,-0.45221,-0.54956
12824,-0.17841,0.67999,-0.45154,-0.54950
12835,-0.17865,0.68018,-0.45160,-0.54913
12845,-0.17932,0.68005,-0.45227,-0.54846
12854,-0.18030,0.67975,-0.45325,-0.54779
12865,-0.18152,0.67957,-0.45410,-0.54688
12874,-0.18274,0.67987,-0.45435,-0.54590
12885,-0.18329,0.68066,-0.45386,-0.54504
12895,-0.18311,0.68182,-0.45282,-0.54456
12904,-0.18268,0.68311,-0.45142,-0.54431
12915,-0.18213,0.68420,-0.45007,-0.54419
12924,-0.18182,0.68506,-0.44916,-0.54395
12935,-0.18195,0.68555,-0.44891,-0.54352
12944,-0.18256,0.68573,-0.44922,-0.54285
12954,-0.18323,0.68579,-0.44989,-0.54199
12965,-0.18372,0.68585,-0.45074,-0.54108
12974,-0.18384,0.68610,-0.45160,-0.53998
12985,-0.18378,0.68658,-0.45215,-0.53894
12994,-0.18378,0.68738,-0.45215,-0.53784
13004,-0.18365,0.68835,-0.45190,-0.53693
13014,-0.18317,0.68939,-0.45172,-0.53589
13024,-0.18225,0.69012,-0.45197,-0.53503
13035,-0.18109,0.69055,-0.45233,-0.53455
13044,-0.17987,0.69080,-0.45276,-0.53430
13055,-0.17871,0.69086,-0.45337,-0.53412
13064,-0.17792,0.69092,-0.45398,-0.53375
13074,-0.17749,0.69086,-0.45471,-0.53333
13085,-0.17737,0.69092,-0.45538,-0.53278
13094,-0.17737,0.69110,-0.45587,-0.53210
13105,-0.17743,0.69135,-0.45605,-0.53156
13114,-0.17731,0.69177,-0.45575,-0.53131
13124,-0.17688,0.69232,-0.45520,-0.53125
13135,-0.17633,0.69293,-0.45435,-0.53137
13144,-0.17578,0.69366,-0.45331,-0.53149
13155,-0.17523,0.69440,-0.45227,-0.53162
13164,-0.17456,0.69501,-0.45154,-0.53156
13173,-0.17395,0.69550,-0.45111,-0.53149
13184,-0.17334,0.69586,-0.45105,-0.53131
13194,-0.17285,0.69611,-0.45111,-0.53113
13205,-0.17255,0.69629,-0.45105,-0.53101
13214,-0.17242,0.69659,-0.45068,-0.53101
13225,-0.17224,0.69690,-0.44995,-0.53119
13234,-0.17194,0.69739,-0.44910,-0.53149
13243,-0.17151,0.69800,-0.44818,-0.53156
13254,-0.17084,0.69867,-0.44739,-0.53156
13264,-0.16998,0.69922,-0.44653,-0.53180
13275,-0.16901,0.69977,-0.44556,-0.53223
13284,-0.16821,0.70013,-0.44470,-0.53271
13293,-0.16791,0.70032,-0.44421,-0.53302
13304,-0.16797,0.70026,-0.44427,-0.53296
13314,-0.16809,0.69995,-0.44495,-0.53278
13325,-0.16815,0.69965,-0.44568,-0.53259
13334,-0.16815,0.69952,-0.44611,-0.53235
13343,-0.16779,0.69989,-0.44604,-0.53210
13354,-0.16681,0.70056,-0.44537,-0.53198
13364,-0.16534,0.70160,-0.44421,-0.53204
13375,-0.16333,0.70276,-0.44293,-0.53229
13384,-0.16138,0.70374,-0.44153,-0.53271
13393,-0.15985,0.70447,-0.44031,-0.53320
13404,-0.15930,0.70496,-0.43951,-0.53345
13413,-0.15973,0.70502,-0.43927,-0.53339
13424,-0.16064,0.70477,-0.43970,-0.53314
13434,-0.16174,0.70428,-0.44043,-0.53278
13445,-0.16284,0.70392,-0.44116,-0.53229
13454,-0.16351,0.70386,-0.44165,-0.53186
13463,-0.16333,0.70416,-0.44153,-0.53156
13474,-0.16211,0.70477,-0.44092,-0.53168
13483,-0.16003,0.70557,-0.43970,-0.53223
13494,-0.15759,0.70654,-0.43811,-0.53296
13504,-0.15503,0.70752,-0.43640,-0.53381
13513,-0.15265,0.70831,-0.43481,-0.53473
13524,-0.15094,0.70892,-0.43359,-0.53546
13533,-0.15009,0.70923,-0.43298,-0.53577
13544,-0.14984,0.70935,-0.43304,-0.53558
13553,-0.15009,0.70935,-0.43347,-0.53522
13564,-0.15045,0.70941,-0.43365,-0.53485
13574,-0.15045,0.70972,-0.43341,-0.53461
13583,-0.15002,0.71027,-0.43268,-0.53461
13594,-0.14923,0.71106,-0.43127,-0.53491
13603,-0.14825,0.71204,-0.42969,-0.53522
13614,-0.14722,0.71295,-0.42804,-0.53558
13624,-0.14612,0.71375,-0.42670,-0.53589
13633,-0.14520,0.71436,-0.42572,-0.53607
13644,-0.14447,0.71484,-0.42523,-0.53601
13653,-0.14392,0.71521,-0.42511,-0.53577
13664,-0.14349,0.71552,-0.42523,-0.53540
13673,-0.14301,0.71588,-0.42535,-0.53497
13684,-0.14246,0.71631,-0.42535,-0.53455
13694,-0.14172,0.71686,-0.42517,-0.53412
13703,-0.14075,0.71759,-0.42487,-0.53369
13714,-0.13959,0.71820,-0.42444,-0.53345
13723,-0.13837,0.71881,-0.42401,-0.53326
13734,-0.13708,0.71930,-0.42377,-0.53314
13743,-0.13580,0.71973,-0.42377,-0.53296
13753,-0.13452,0.71997,-0.42401,-0.53271
13764,-0.13342,0.72028,-0.42426,-0.53241
13773,-0.13245,0.72052,-0.42450,-0.53210
13784,-0.13159,0.72083,-0.42444,-0.53198
13793,-0.13092,0.72113,-0.42407,-0.53198
13804,-0.13025,0.72144,-0.42358,-0.53210
13813,-0.12970,0.72174,-0.42303,-0.53235
13823,-0.12921,0.72186,-0.42255,-0.53265
13834,-0.12872,0.72198,-0.42224,-0.53284
13843,-0.12830,0.72229,-0.42200,-0.53278
13854,-0.12793,0.72266,-0.42169,-0.53259
13863,-0.12732,0.72302,-0.42139,-0.53247
13873,-0.12653,0.72345,-0.42102,-0.53235
13884,-0.12573,0.72388,-0.42059,-0.53229
13893,-0.12494,0.72424,-0.42029,-0.53217
13904,-0.12427,0.72449,-0.42017,-0.53217
13914,-0.12372,0.72449,-0.42017,-0.53229
13923,-0.12323,0.72443,-0.42023,-0.53235
13934,-0.12286,0.72443,-0.42029,-0.53241
13944,-0.12238,0.72455,-0.42017,-0.53247
13953,-0.12177,0.72473,-0.41986,-0.53259
13964,-0.12109,0.72510,-0.41931,-0.53271
13973,-0.12048,0.72552,-0.41864,-0.53278
13984,-0.11981,0.72589,-0.41803,-0.53290
13993,-0.11926,0.72620,-0.41748,-0.53308
14003,-0.11884,0.72632,-0.41718,-0.53326
14014,-0.11853,0.72638,-0.41699,-0.53339
14023,-0.11829,0.72644,-0.41693,-0.53339
14034,-0.11810,0.72662,-0.41687,-0.53326
14043,-0.11774,0.72687,-0.41669,-0.53308
14053,-0.11731,0.72729,-0.41626,-0.53296
14064,-0.11658,0.72766,-0.41577,-0.53302
14073,-0.11566,0.72797,-0.41522,-0.53314
14084,-0.11469,0.72827,-0.41486,-0.53326
14093,-0.11371,0.72858,-0.41461,-0.53333
14103,-0.11292,0.72876,-0.41443,-0.53333
14114,-0.11224,0.72894,-0.41443,-0.53320
14123,-0.11176,0.72925,-0.41443,-0.53284
14134,-0.11139,0.72961,-0.41443,-0.53247
14143,-0.11102,0.72998,-0.41431,-0.53210
14152,-0.11060,0.73041,-0.41406,-0.53186
14163,-0.10999,0.73077,-0.41370,-0.53180
14173,-0.10913,0.73120,-0.41321,-0.53174
14183,-0.10822,0.73169,-0.41260,-0.53168
14193,-0.10724,0.73224,-0.41193,-0.53162
14204,-0.10620,0.73291,-0.41125,-0.53149
14213,-0.10529,0.73352,-0.41064,-0.53125
14222,-0.10443,0.73401,-0.41022,-0.53113
14233,-0.10358,0.73444,-0.40991,-0.53094
14243,-0.10278,0.73480,-0.40967,-0.53076
14254,-0.10211,0.73517,-0.40936,-0.53064
14263,-0.10150,0.73547,-0.40875,-0.53070
14272,-0.10095,0.73590,-0.40796,-0.53088
14283,-0.10028,0.73633,-0.40698,-0.53119
14292,-0.09955,0.73676,-0.40588,-0.53156
14303,-0.09869,0.73724,-0.40491,-0.53180
14313,-0.09772,0.73773,-0.40399,-0.53192
14324,-0.09680,0.73834,-0.40302,-0.53210
14333,-0.09583,0.73889,-0.40186,-0.53235
14342,-0.09497,0.73950,-0.40051,-0.53271
14353,-0.09430,0.73999,-0.39917,-0.53308
14362,-0.09393,0.74054,-0.39807,-0.53320
14373,-0.09399,0.74097,-0.39722,-0.53333
14383,-0.09436,0.74121,-0.39648,-0.53345
14394,-0.09509,0.74121,-0.39581,-0.53375
14403,-0.09625,0.74103,-0.39532,-0.53412
14412,-0.09766,0.74078,-0.39508,-0.53448
14423,-0.09918,0.74030,-0.39496,-0.53497
14432,-0.10120,0.73969,-0.39471,-0.53564
14443,-0.10333,0.73889,-0.39465,-0.53632
14453,-0.10547,0.73840,-0.39398,-0.53711
14462,-0.10754,0.73798,-0.39264,-0.53821
14473,-0.10931,0.73749,-0.39087,-0.53986
14482,-0.11102,0.73676,-0.38904,-0.54181
14493,-0.11273,0.73590,-0.38733,-0.54382
14502,-0.11469,0.73480,-0.38568,-0.54608
14513,-0.11707,0.73364,-0.38385,-0.54846
14523,-0.11987,0.73224,-0.38208,-0.55090
14532,-0.12317,0.73071,-0.38031,-0.55347
14543,-0.12689,0.72888,-0.37848,-0.55621
14552,-0.13074,0.72705,-0.37695,-0.55878
14563,-0.13501,0.72522,-0.37555,-0.56110
14572,-0.13928,0.72333,-0.37476,-0.56305
14583,-0.14343,0.72125,-0.37445,-0.56482
14593,-0.14728,0.71912,-0.37421,-0.56671
14602,-0.15063,0.71692,-0.37402,-0.56873
14613,-0.15356,0.71484,-0.37378,-0.57068
14622,-0.15619,0.71301,-0.37341,-0.57257
14633,-0.15845,0.71118,-0.37286,-0.57452
14642,-0.16058,0.70947,-0.37207,-0.57660
14652,-0.16260,0.70789,-0.37109,-0.57861
14663,-0.16449,0.70636,-0.37006,-0.58057
14672,-0.16620,0.70496,-0.36914,-0.58240
14683,-0.16772,0.70349,-0.36847,-0.58411
14692,-0.16888,0.70221,-0.36810,-0.58557
14703,-0.16968,0.70111,-0.36804,-0.58673
14712,-0.16998,0.70026,-0.36823,-0.58746
14722,-0.16980,0.69983,-0.36871,-0.58777
14733,-0.16907,0.69983,-0.36951,-0.58746
14742,-0.16748,0.70026,-0.37073,-0.58661
14753,-0.16498,0.70129,-0.37231,-0.58508
14762,-0.16113,0.70312,-0.37421,-0.58276
14773,-0.15601,0.70587,-0.37616,-0.57959
14782,-0.14972,0.70990,-0.37817,-0.57501
14792,-0.14264,0.71533,-0.37988,-0.56897
14803,-0.13483,0.72223,-0.38116,-0.56116
14812,-0.12622,0.73071,-0.38171,-0.55176
14823,-0.11664,0.74084,-0.38123,-0.54059
14832,-0.10583,0.75220,-0.37952,-0.52820
14843,-0.09326,0.76361,-0.37744,-0.51544
14853,-0.07971,0.77417,-0.37634,-0.50262
14862,-0.06610,0.78333,-0.37799,-0.48901
14873,-0.05341,0.79083,-0.38281,-0.47461
14882,-0.04285,0.79700,-0.39008,-0.45917
14893,-0.03522,0.80261,-0.39844,-0.44257
14902,-0.03076,0.80847,-0.40601,-0.42493
14912,-0.02643,0.81671,-0.40613,-0.40906
14922,-0.02557,0.82635,-0.39911,-0.39642
14932,-0.02527,0.83569,-0.39215,-0.38361
14943,-0.02209,0.84338,-0.38641,-0.37268
14952,-0.01562,0.84784,-0.38361,-0.36572
14963,-0.00781,0.84961,-0.38409,-0.36139
14972,-0.00140,0.84991,-0.38647,-0.35822
14981,0.00189,0.84998,-0.38989,-0.35425
14992,0.00305,0.84973,-0.39459,-0.34967
15002,0.00293,0.84943,-0.40045,-0.34363
15013,0.00165,0.84924,-0.40643,-0.33698
15022,0.00024,0.84924,-0.41138,-0.33093
15033,0.00006,0.84949,-0.41345,-0.32764
15042,0.00165,0.85071,-0.41150,-0.32709
15051,0.00488,0.85248,-0.40729,-0.32764
15062,0.00928,0.85406,-0.40295,-0.32880
15072,0.01379,0.85510,-0.39984,-0.32977
15083,0.01733,0.85541,-0.39868,-0.33020
15092,0.01959,0.85516,-0.39941,-0.32983
15103,0.02075,0.85443,-0.40143,-0.32916
15112,0.02100,0.85358,-0.40393,-0.32831
15121,0.02106,0.85266,-0.40619,-0.32794
15132,0.02148,0.85181,-0.40759,-0.32837
15142,0.02228,0.85114,-0.40814,-0.32928
15153,0.02362,0.85077,-0.40808,-0.33038
15162,0.02557,0.85046,-0.40771,-0.33136
15171,0.02753,0.85028,-0.40759,-0.33179
15182,0.02911,0.84998,-0.40790,-0.33209
15192,0.03009,0.84955,-0.40863,-0.33234
15203,0.03052,0.84900,-0.40936,-0.33264
15212,0.03033,0.84857,-0.40991,-0.33313
15221,0.02979,0.84814,-0.41022,-0.33380
15232,0.02917,0.84772,-0.41034,-0.33484
15241,0.02844,0.84717,-0.41077,-0.33582
15252,0.02771,0.84644,-0.41174,-0.33655
15262,0.02686,0.84558,-0.41315,-0.33691
15271,0.02600,0.84479,-0.41479,-0.33716
15282,0.02521,0.84393,-0.41608,-0.33765
15291,0.02460,0.84314,-0.41699,-0.33862
15302,0.02423,0.84241,-0.41748,-0.33984
15312,0.02386,0.84174,-0.41772,-0.34119
15323,0.02350,0.84125,-0.41779,-0.34235
15332,0.02289,0.84076,-0.41791,-0.34332
15341,0.02209,0.84015,-0.41833,-0.34442
15352,0.02094,0.83936,-0.41925,-0.34540
15361,0.01929,0.83838,-0.42059,-0.34619
15372,0.01733,0.83734,-0.42212,-0.34686
15382,0.01526,0.83643,-0.42346,-0.34766
15393,0.01331,0.83557,-0.42450,-0.34845
15402,0.01178,0.83496,-0.42505,-0.34937
15411,0.01080,0.83441,-0.42529,-0.35040
15422,0.01031,0.83392,-0.42529,-0.35156
15431,0.01019,0.83337,-0.42523,-0.35291
15442,0.01025,0.83276,-0.42511,-0.35449
15452,0.01007,0.83209,-0.42517,-0.35602
15462,0.00970,0.83130,-0.42542,-0.35748
15472,0.00909,0.83044,-0.42584,-0.35901
15481,0.00842,0.82953,-0.42639,-0.36053
15492,0.00763,0.82861,-0.42712,-0.36188
15501,0.00684,0.82770,-0.42786,-0.36310
15512,0.00629,0.82678,-0.42859,-0.36432
15522,0.00604,0.82587,-0.42914,-0.36566
15531,0.00604,0.82501,-0.42963,-0.36707
15542,0.00616,0.82410,-0.43018,-0.36847
15551,0.00629,0.82312,-0.43079,-0.36993
15562,0.00623,0.82208,-0.43158,-0.37134
15572,0.00562,0.82104,-0.43256,-0.37244
15581,0.00446,0.82007,-0.43359,-0.37341
15592,0.00287,0.81921,-0.43457,-0.37421
15601,0.00110,0.81848,-0.43536,-0.37488
15612,-0.00043,0.81781,-0.43597,-0.37567
15621,-0.00140,0.81720,-0.43634,-0.37653
15632,-0.00171,0.81671,-0.43652,-0.37738
15642,-0.00122,0.81622,-0.43646,-0.37842
15651,-0.00006,0.81580,-0.43616,-0.37982
15662,0.00146,0.81531,-0.43585,-0.38116
15671,0.00281,0.81488,-0.43549,-0.38257
15682,0.00342,0.81439,-0.43506,-0.38403
15691,0.00305,0.81390,-0.43488,-0.38531
15702,0.00153,0.81342,-0.43494,-0.38629
15712,-0.00067,0.81287,-0.43530,-0.38708
15721,-0.00305,0.81226,-0.43585,-0.38757
15732,-0.00531,0.81165,-0.43671,-0.38794
15741,-0.00702,0.81104,-0.43762,-0.38812
15752,-0.00787,0.81042,-0.43848,-0.38837
15761,-0.00781,0.80981,-0.43927,-0.38873
15771,-0.00690,0.80920,-0.43988,-0.38947
15782,-0.00549,0.80859,-0.44019,-0.39032
15791,-0.00409,0.80823,-0.44019,-0.39117
15802,-0.00299,0.80804,-0.43994,-0.39185
15811,-0.00226,0.80786,-0.43958,-0.39252
15822,-0.00189,0.80768,-0.43933,-0.39319
15831,-0.00195,0.80737,-0.43939,-0.39386
15841,-0.00232,0.80682,-0.43982,-0.39447
15852,-0.00293,0.80621,-0.44055,-0.39496
15861,-0.00348,0.80548,-0.44135,-0.39551
15872,-0.00385,0.80481,-0.44208,-0.39606
15881,-0.00385,0.80414,-0.44269,-0.39667
15890,-0.00360,0.80353,-0.44318,-0.39740
15901,-0.00305,0.80298,-0.44348,-0.39819
15911,-0.00238,0.80249,-0.44360,-0.39905
15922,-0.00177,0.80212,-0.44354,-0.39984
15931,-0.00128,0.80170,-0.44348,-0.40070
15942,-0.00134,0.80139,-0.44342,-0.40149
15951,-0.00189,0.80096,-0.44360,-0.40210
15960,-0.00281,0.80042,-0.44403,-0.40271
15971,-0.00397,0.79974,-0.44470,-0.40332
15981,-0.00513,0.79901,-0.44550,-0.40387
15992,-0.00616,0.79834,-0.44604,-0.40454
16001,-0.00684,0.79779,-0.44629,-0.40533
16012,-0.00720,0.79736,-0.44623,-0.40625
16021,-0.00732,0.79706,-0.44598,-0.40710
16030,-0.00745,0.79688,-0.44556,-0.40796
16041,-0.00769,0.79663,-0.44513,-0.40881
16051,-0.00818,0.79639,-0.44482,-0.40973
16062,-0.00885,0.79590,-0.44476,-0.41064
16071,-0.00970,0.79529,-0.44513,-0.41150
16082,-0.01068,0.79462,-0.44562,-0.41223
16091,-0.01166,0.79388,-0.44623,-0.41290
16100,-0.01245,0.79327,-0.44684,-0.41339
16111,-0.01306,0.79285,-0.44720,-0.41382
16121,-0.01343,0.79254,-0.44739,-0.41418
16132,-0.01355,0.79224,-0.44733,-0.41479
16141,-0.01349,0.79199,-0.44702,-0.41559
16150,-0.01331,0.79175,-0.44666,-0.41650
16161,-0.01306,0.79138,-0.44641,-0.41742
16170,-0.01282,0.79089,-0.44635,-0.41846
16181,-0.01276,0.79034,-0.44653,-0.41931
16191,-0.01282,0.78967,-0.44696,-0.42004
16202,-0.01324,0.78906,-0.44739,-0.42072
16211,-0.01385,0.78864,-0.44769,-0.42126
16220,-0.01447,0.78821,-0.44775,-0.42194
16231,-0.01495,0.78790,-0.44757,-0.42273
16240,-0.01520,0.78760,-0.44727,-0.42365
16251,-0.01508,0.78729,-0.44684,-0.42462
16261,-0.01477,0.78693,-0.44635,-0.42578
16270,-0.01434,0.78656,-0.44586,-0.42700
16281,-0.01398,0.78607,-0.44537,-0.42847
16290,-0.01392,0.78552,-0.44501,-0.42981
16301,-0.01416,0.78491,-0.44476,-0.43121
16311,-0.01489,0.78424,-0.44458,-0.43256
16320,-0.01593,0.78339,-0.44446,-0.43420
16331,-0.01721,0.78241,-0.44434,-0.43597
16340,-0.01886,0.78143,-0.44421,-0.43787
16351,-0.02057,0.78033,-0.44403,-0.43988
16361,-0.02234,0.77911,-0.44385,-0.44220
16372,-0.02411,0.77777,-0.44354,-0.44470
16381,-0.02594,0.77637,-0.44318,-0.44751
16390,-0.02802,0.77472,-0.44281,-0.45050
16401,-0.03040,0.77283,-0.44257,-0.45380
16410,-0.03320,0.77075,-0.44244,-0.45728
16421,-0.03625,0.76837,-0.44244,-0.46100
16431,-0.03961,0.76581,-0.44232,-0.46509
16441,-0.04327,0.76318,-0.44202,-0.46942
16451,-0.04700,0.76044,-0.44153,-0.47394
16460,-0.05060,0.75775,-0.44073,-0.47858
16471,-0.05389,0.75519,-0.43964,-0.48328
16480,-0.05670,0.75281,-0.43811,-0.48798
16491,-0.05908,0.75079,-0.43628,-0.49243
16501,-0.06116,0.74908,-0.43414,-0.49658
16510,-0.06305,0.74738,-0.43188,-0.50092
16521,-0.06488,0.74530,-0.42957,-0.50574
16530,-0.06689,0.74292,-0.42725,-0.51093
16541,-0.06940,0.74030,-0.42523,-0.51605
16550,-0.07233,0.73743,-0.42371,-0.52106
16561,-0.07574,0.73425,-0.42267,-0.52582
16571,-0.07947,0.73102,-0.42230,-0.53003
16580,-0.08319,0.72778,-0.42249,-0.53381
16591,-0.08679,0.72467,-0.42291,-0.53711
16600,-0.09009,0.72198,-0.42334,-0.53986
16611,-0.09302,0.71960,-0.42328,-0.54254
16620,-0.09546,0.71759,-0.42255,-0.54535
16631,-0.09747,0.71606,-0.42102,-0.54822
16641,-0.09900,0.71490,-0.41888,-0.55109
16650,-0.10022,0.71387,-0.41650,-0.55396
16661,-0.10150,0.71295,-0.41425,-0.55658
16670,-0.10303,0.71204,-0.41248,-0.55884
16681,-0.10474,0.71094,-0.41138,-0.56073
16690,-0.10681,0.70972,-0.41095,-0.56213
16700,-0.10919,0.70837,-0.41101,-0.56335
16711,-0.11169,0.70703,-0.41138,-0.56433
16720,-0.11444,0.70593,-0.41174,-0.56488
16731,-0.11700,0.70520,-0.41193,-0.56512
16740,-0.11914,0.70435,-0.41174,-0.56580
16751,-0.12067,0.70331,-0.41132,-0.56708
16760,-0.12183,0.70203,-0.41077,-0.56891
16770,-0.12299,0.70062,-0.40991,-0.57098
16781,-0.12402,0.69946,-0.40887,-0.57294
16790,-0.12500,0.69849,-0.40765,-0.57477
16801,-0.12598,0.69781,-0.40625,-0.57635
16810,-0.12726,0.69733,-0.40466,-0.57776
16820,-0.12891,0.69702,-0.40326,-0.57874
16830,-0.13092,0.69672,-0.40259,-0.57916
16840,-0.13312,0.69641,-0.40265,-0.57898
16851,-0.13519,0.69623,-0.40338,-0.57825
16860,-0.13702,0.69611,-0.40417,-0.57733
16871,-0.13849,0.69617,-0.40454,-0.57666
16880,-0.13928,0.69604,-0.40430,-0.57678
16890,-0.13904,0.69568,-0.40344,-0.57788
16901,-0.13812,0.69519,-0.40204,-0.57965
16910,-0.13678,0.69482,-0.40051,-0.58154
16921,-0.13550,0.69446,-0.39929,-0.58301
16930,-0.13458,0.69427,-0.39874,-0.58392
16940,-0.13416,0.69421,-0.39880,-0.58405
16951,-0.13440,0.69434,-0.39929,-0.58350
16960,-0.13525,0.69464,-0.39990,-0.58246
16971,-0.13660,0.69482,-0.40045,-0.58154
16980,-0.13794,0.69476,-0.40088,-0.58105
16989,-0.13934,0.69440,-0.40100,-0.58099
17000,-0.14044,0.69403,-0.40106,-0.58118
17010,-0.14093,0.69391,-0.40112,-0.58118
17021,-0.14056,0.69403,-0.40106,-0.58112
17030,-0.13940,0.69434,-0.40063,-0.58136
17039,-0.13739,0.69458,-0.39978,-0.58215
17050,-0.13495,0.69470,-0.39886,-0.58319
17060,-0.13257,0.69464,-0.39807,-0.58435
17071,-0.13055,0.69415,-0.39746,-0.58582
17080,-0.12885,0.69360,-0.39740,-0.58685
17089,-0.12830,0.69385,-0.39764,-0.58655
17100,-0.12909,0.69495,-0.39740,-0.58514
17110,-0.13080,0.69635,-0.39685,-0.58356
17121,-0.13232,0.69769,-0.39630,-0.58197
17130,-0.13379,0.69879,-0.39575,-0.58075
17139,-0.13495,0.69958,-0.39532,-0.57977
17150,-0.13562,0.70038,-0.39514,-0.57880
17159,-0.13586,0.70105,-0.39532,-0.57782
17170,-0.13574,0.70148,-0.39594,-0.57690
17180,-0.13513,0.70160,-0.39697,-0.57617
17191,-0.13403,0.70142,-0.39844,-0.57562
17200,-0.13257,0.70105,-0.40015,-0.57520
17209,-0.13086,0.70056,-0.40228,-0.57471
17220,-0.12897,0.69995,-0.40472,-0.57416
17230,-0.12720,0.69904,-0.40735,-0.57379
17240,-0.12592,0.69800,-0.40985,-0.57355
17250,-0.12567,0.69702,-0.41156,-0.57361
17259,-0.12616,0.69629,-0.41248,-0.57373
17270,-0.12622,0.69574,-0.41309,-0.57391
17279,-0.12598,0.69531,-0.41351,-0.57422
17290,-0.12579,0.69495,-0.41388,-0.57440
17300,-0.12573,0.69470,-0.41412,-0.57458
17309,-0.12567,0.69452,-0.41425,-0.57471
17320,-0.12561,0.69446,-0.41418,-0.57489
17329,-0.12543,0.69440,-0.41406,-0.57501
17340,-0.12518,0.69427,-0.41400,-0.57526
17350,-0.12506,0.69421,-0.41388,-0.57544
17360,-0.12482,0.69427,-0.41364,-0.57562
17370,-0.12463,0.69434,-0.41321,-0.57587
17379,-0.12445,0.69458,-0.41266,-0.57599
17390,-0.12427,0.69489,-0.41211,-0.57611
17399,-0.12415,0.69519,-0.41150,-0.57617
17410,-0.12402,0.69556,-0.41095,-0.57623
17420,-0.12396,0.69586,-0.41040,-0.57617
17429,-0.12396,0.69623,-0.40985,-0.57611
17440,-0.12427,0.69666,-0.40961,-0.57574
17449,-0.12476,0.69678,-0.40997,-0.57520
17460,-0.12567,0.69684,-0.41058,-0.57446
17469,-0.12671,0.69684,-0.41113,-0.57385
17480,-0.12762,0.69690,-0.41162,-0.57330
17490,-0.12842,0.69702,-0.41187,-0.57281
17499,-0.12891,0.69733,-0.41223,-0.57202
17510,-0.12921,0.69769,-0.41290,-0.57098
17519,-0.12939,0.69806,-0.41376,-0.56995
17530,-0.12958,0.69836,-0.41443,-0.56897
17539,-0.12964,0.69867,-0.41498,-0.56818
17549,-0.12952,0.69904,-0.41534,-0.56757
17560,-0.12933,0.69934,-0.41547,-0.56708
17569,-0.12921,0.69965,-0.41522,-0.56696
17580,-0.12927,0.69983,-0.41479,-0.56702
17589,-0.12939,0.69995,-0.41449,-0.56702
17600,-0.12958,0.70001,-0.41437,-0.56702
17610,-0.12982,0.69995,-0.41443,-0.56702
17619,-0.13007,0.69983,-0.41443,-0.56708
17630,-0.13019,0.69971,-0.41437,-0.56726
17639,-0.13007,0.69958,-0.41412,-0.56763
17650,-0.12982,0.69952,-0.41370,-0.56805
17659,-0.12952,0.69946,-0.41333,-0.56848
17669,-0.12909,0.69940,-0.41290,-0.56891
17680,-0.12872,0.69940,-0.41241,-0.56940
17689,-0.12811,0.69934,-0.41187,-0.57001
17700,-0.12744,0.69928,-0.41119,-0.57068
17709,-0.12671,0.69934,-0.41040,-0.57141
17719,-0.12592,0.69946,-0.40942,-0.57214
17729,-0.12506,0.69971,-0.40820,-0.57288
17739,-0.12427,0.70001,-0.40686,-0.57361
17750,-0.12347,0.70050,-0.40533,-0.57428
17759,-0.12280,0.70105,-0.40375,-0.57489
17770,-0.12225,0.70166,-0.40210,-0.57544
17779,-0.12177,0.70227,-0.40057,-0.57574
17789,-0.12140,0.70294,-0.39923,-0.57599
17800,-0.12103,0.70349,-0.39807,-0.57617
17809,-0.12079,0.70398,-0.39709,-0.57629
17820,-0.12061,0.70447,-0.39618,-0.57642
17829,-0.12042,0.70496,-0.39526,-0.57648
17840,-0.12042,0.70544,-0.39447,-0.57648
17849,-0.12036,0.70575,-0.39398,-0.57642
17859,-0.12048,0.70599,-0.39368,-0.57629
17870,-0.12073,0.70618,-0.39343,-0.57617
