time,gyrx,gyry,gyrz
7,   -12,   -11,     8
16,   -12,   -12,     8
27,   -12,   -13,     9
36,   -12,   -13,     9
47,   -12,   -12,     9
56,   -12,   -11,     8
67,   -12,   -10,     8
77,   -13,   -10,     8
86,   -12,   -11,     8
97,   -12,   -11,     8
106,   -12,   -12,     8
117,   -12,   -12,     8
127,   -12,   -12,     8
136,   -11,   -13,     9
147,   -12,   -14,     9
156,   -12,   -15,     9
167,   -13,   -15,     9
176,   -13,   -15,     9
186,   -13,   -14,     9
197,   -14,   -13,     8
206,   -14,   -12,     8
217,   -14,   -12,     8
226,   -15,   -12,     8
236,   -15,   -13,     8
247,   -15,   -13,     8
256,   -15,   -13,     9
267,   -14,   -13,     9
276,   -13,   -12,    10
287,   -13,   -12,    10
296,   -13,   -13,    11
306,   -13,   -14,    12
317,   -13,   -14,    12
326,   -14,   -13,    12
337,   -14,   -12,    11
346,   -16,   -11,    10
356,   -16,   -11,     9
367,   -17,   -12,     9
376,   -17,   -13,     9
387,   -16,   -14,     9
396,   -16,   -15,     9
405,   -15,   -16,    10
416,   -13,   -16,    11
426,   -12,   -16,    11
437,   -11,   -15,    11
446,   -10,   -14,    11
457,   -11,   -13,    11
466,   -12,   -13,    10
476,   -14,   -14,    10
487,   -15,   -14,     9
496,   -16,   -14,    10
507,   -16,   -15,    10
516,   -15,   -15,    10
526,   -14,   -15,    10
536,   -13,   -14,    10
546,   -12,   -13,    11
557,   -11,   -14,    11
566,   -11,   -14,    11
575,   -12,   -15,    11
586,   -13,   -15,    10
596,   -14,   -16,    10
605,   -14,   -16,    10
616,   -15,   -16,     9
626,   -15,   -15,     9
637,   -14,   -15,    10
646,   -13,   -15,    10
656,   -12,   -15,    10
667,   -11,   -15,    11
676,   -10,   -15,    11
685,   -11,   -14,    10
697,   -14,   -14,     8
706,   -16,   -12,     7
715,   -16,   -11,     6
726,   -17,   -10,     5
736,   -17,   -10,     6
747,   -17,   -11,     6
756,   -15,   -12,     7
765,   -15,   -13,     7
776,   -14,   -13,     7
785,   -15,   -13,     6
796,   -16,   -13,     5
806,   -17,   -14,     6
815,   -16,   -14,     6
826,   -16,   -14,     6
835,   -16,   -14,     7
846,   -16,   -15,     7
856,   -16,   -15,     7
867,   -17,   -15,     7
876,   -17,   -15,     7
885,   -16,   -15,     8
896,   -15,   -16,     9
905,   -14,   -17,    10
916,   -14,   -16,     9
926,   -14,   -15,     9
935,   -14,   -14,     9
946,   -14,   -14,     8
955,   -14,   -13,     7
966,   -14,   -13,     7
975,   -14,   -14,     7
986,   -15,   -16,     7
996,   -15,   -16,     8
1005,   -14,   -16,     8
1016,   -14,   -14,     9
1025,   -13,   -14,     9
1036,   -12,   -13,     9
1046,   -13,   -12,     8
1055,   -13,   -12,     8
1066,   -13,   -12,     8
1075,   -14,   -14,     8
1086,   -14,   -15,     8
1095,   -14,   -15,     8
1106,   -14,   -14,     8
1116,   -14,   -12,     8
1125,   -14,   -10,     9
1136,   -13,    -9,     9
1145,   -12,    -9,     9
1156,   -11,    -8,     9
1166,   -11,    -6,     9
1175,   -12,    -4,     9
1186,   -11,    -3,     9
1195,    -7,    -1,     6
1206,    -2,    -3,     4
1215,    -1,    -9,     3
1225,    -5,   -19,     4
1236,    -8,   -27,     4
1245,    -9,   -32,     2
1256,    -9,   -36,    -2
1265,    -9,   -38,    -9
1275,    -9,   -35,   -15
1286,    -8,   -29,   -19
1295,    -2,   -22,   -20
1306,     5,   -15,   -16
1315,     9,    -9,   -10
1326,     6,    -3,    -4
1335,    -3,     4,     1
1345,   -10,     8,     4
1356,   -17,     9,     2
1365,   -30,    10,    -5
1376,   -45,    14,   -14
1385,   -56,    20,   -24
1394,   -58,    25,   -27
1405,   -58,    28,   -26
1415,   -57,    27,   -18
1426,   -57,    24,   -12
1435,   -51,    28,     0
1446,   -36,    28,     5
1455,   -17,    24,     5
1465,    -1,    10,     3
1476,    12,   -10,    -2
1485,    18,   -27,    -5
1496,    23,   -30,   -10
1505,    26,   -22,   -13
1514,    27,   -11,   -16
1525,    26,    -1,   -16
1535,    22,     4,   -15
1546,    13,     2,   -12
1555,     1,    -5,   -13
1564,    -9,   -11,   -17
1575,   -19,   -17,   -21
1584,   -25,   -20,   -25
1595,   -29,   -21,   -28
1605,   -33,   -19,   -27
1616,   -33,   -15,   -21
1625,   -31,   -11,   -13
1635,   -27,   -11,    -3
1646,   -24,   -13,     5
1655,   -23,   -17,     9
1664,   -24,   -20,    10
1675,   -25,   -21,     9
1685,   -28,   -23,     7
1696,   -31,   -24,     5
1705,   -35,   -24,     3
1714,   -37,   -26,     1
1725,   -35,   -27,     1
1735,   -32,   -28,     2
1745,   -26,   -27,     4
1755,   -20,   -25,     7
1764,   -14,   -23,     9
1775,    -9,   -22,    11
1784,    -6,   -22,    12
1795,    -3,   -22,    13
1805,    -3,   -22,    14
1816,    -4,   -24,    15
1825,    -8,   -27,    17
1834,   -12,   -28,    18
1845,   -16,   -28,    17
1854,   -22,   -26,    15
1865,   -26,   -26,    13
1875,   -29,   -27,    11
1884,   -30,   -27,    10
1895,   -29,   -25,    11
1904,   -26,   -23,    12
1915,   -22,   -21,    13
1925,   -16,   -19,    13
1934,   -12,   -18,    14
1945,   -10,   -18,    15
1954,    -9,   -17,    15
1965,    -9,   -15,    15
1974,   -11,   -12,    13
1985,   -12,    -7,    11
1995,   -12,    -3,    10
2004,   -13,    -4,    10
2015,   -14,    -6,     9
2024,   -15,    -9,     9
2035,   -16,   -12,     9
2044,   -16,   -14,     9
2055,   -16,   -14,    10
2065,   -14,   -14,    11
2074,   -12,   -14,    10
2085,   -11,   -15,     9
2094,   -10,   -16,     9
2105,   -10,   -17,     9
2115,    -9,   -17,     8
2124,   -10,   -16,     7
2135,   -11,   -15,     6
2144,   -13,   -14,     5
2155,   -15,   -15,     3
2164,   -17,   -16,     2
2174,   -17,   -18,     0
2185,   -16,   -20,    -2
2194,   -15,   -22,    -4
2205,   -14,   -24,    -7
2214,   -13,   -25,    -9
2224,   -12,   -25,   -11
2235,   -13,   -23,   -13
2244,   -16,   -21,   -15
2255,   -20,   -17,   -19
2264,   -21,   -11,   -23
2274,   -21,    -9,   -27
2285,   -22,   -11,   -31
2294,   -21,   -12,   -33
2305,   -18,   -14,   -39
2314,   -15,   -15,   -45
2324,   -13,   -17,   -52
2335,   -11,   -17,   -58
2344,    -9,   -19,   -70
2355,    -6,   -20,   -80
2364,    -1,   -21,   -88
2373,     7,   -23,   -98
2384,    15,   -23,  -104
2394,    18,   -26,  -108
2405,    15,   -30,  -110
2414,    11,   -27,  -111
2423,    13,   -19,  -116
2434,    16,    -6,  -122
2444,    12,     6,  -132
2455,     6,    16,  -143
2464,     4,    28,  -148
2475,     5,    33,  -152
2484,    -4,    22,  -151
2494,   -17,    -2,  -144
2505,   -28,   -22,  -135
2514,   -40,   -30,  -125
2525,   -52,   -26,  -116
2534,   -61,   -17,  -115
2543,   -69,   -14,  -118
2554,   -73,   -16,  -114
2564,   -68,   -17,  -107
2575,   -50,   -19,   -97
2584,   -32,   -29,   -83
2593,   -25,   -43,   -69
2604,   -20,   -56,   -56
2614,   -15,   -66,   -48
2625,   -11,   -67,   -43
2634,   -10,   -65,   -48
2643,   -10,   -58,   -50
2654,   -13,   -43,   -50
2663,   -14,   -23,   -51
2674,    -9,    -2,   -49
2684,    -1,    14,   -42
2695,    11,    22,   -37
2704,    22,    25,   -34
2713,    26,    26,   -32
2724,    23,    27,   -36
2734,    15,    26,   -40
2745,     6,    28,   -40
2754,     1,    34,   -45
2763,     3,    39,   -48
2774,     3,    46,   -45
2783,    -2,    51,   -41
2794,    -7,    49,   -39
2804,    -6,    40,   -35
2813,    -7,    33,   -30
2824,   -10,    24,   -25
2833,   -12,    17,   -25
2844,    -9,    17,   -24
2853,   -14,    25,   -15
2864,   -20,    28,   -13
2874,   -16,    21,   -10
2883,    -8,    13,   -10
2894,    -3,     7,    -9
2903,    -1,     4,   -10
2914,     2,     7,   -14
2924,     7,     9,   -14
2933,    12,     6,   -12
2944,    16,    -4,    -7
2953,    16,   -15,    -1
2964,    12,   -27,     5
2973,     8,   -40,    10
2984,    11,   -57,    13
2994,    17,   -77,    11
3003,    25,   -93,    10
3014,    35,  -104,     7
3023,    42,  -106,     3
3034,    44,  -101,     1
3043,    37,   -92,     0
3054,    25,   -80,     1
3064,    14,   -65,     1
3073,     6,   -47,     0
3084,    -1,   -26,     0
3093,   -10,    -5,     2
3104,   -15,     4,     3
3113,   -17,     3,     4
3123,   -15,    -3,     5
3134,   -11,   -10,     7
3143,    -5,   -16,     5
3154,     1,   -17,     3
3163,     4,   -12,     2
3173,     2,    -5,     3
3184,     2,     4,     4
3193,     3,    13,     2
3204,     6,    17,    -1
3213,     7,    13,    -7
3223,     3,     8,    -8
3234,    -6,     2,    -3
3243,   -16,    -5,     4
3254,   -23,   -13,     9
3263,   -26,   -20,    12
3272,   -25,   -31,     9
3283,   -21,   -40,     0
3293,   -15,   -42,    -7
3304,   -10,   -36,    -9
3313,    -8,   -23,    -7
3324,    -9,    -8,    -4
3333,   -11,     6,    -1
3343,   -12,    13,     0
3354,   -15,    12,     1
3363,   -18,     4,     2
3374,   -19,    -8,     6
3383,   -20,   -18,    10
3393,   -19,   -22,    10
3404,   -13,   -23,     7
3413,    -6,   -23,     4
3424,    -2,   -22,     3
3433,    -2,   -20,     6
3442,    -5,   -15,    11
3453,    -9,    -9,    15
3463,   -11,    -4,    16
3474,   -12,    -3,    14
3483,   -10,    -5,    11
3494,    -7,    -7,     9
3503,    -5,    -8,    10
3513,    -4,    -9,    12
3523,    -5,    -9,    16
3533,   -10,   -11,    18
3544,   -14,   -18,    15
3553,   -16,   -24,    10
3562,   -16,   -29,     5
3573,   -14,   -31,     3
3583,   -15,   -32,     4
3594,   -17,   -38,     7
3603,   -19,   -48,     8
3614,   -19,   -62,     6
3623,   -18,   -74,    -1
3632,   -15,   -80,   -11
3643,   -13,   -80,   -21
3653,   -12,   -77,   -28
3664,   -13,   -74,   -29
3673,   -15,   -69,   -29
3682,   -15,   -64,   -27
3693,   -18,   -55,   -22
3703,   -16,   -44,   -30
3713,   -10,   -37,   -37
3723,    -6,   -29,   -35
3732,    -8,   -13,   -31
3743,    -5,    -4,   -31
3752,    -2,    -8,   -34
3763,     1,    -8,   -20
3773,    -6,    -1,   -14
3784,    -7,     7,   -14
3793,   -14,     1,   -26
3802,   -21,   -13,   -38
3813,   -36,   -39,   -36
3822,   -24,   -27,   -30
3833,   -21,   -33,   -60
3843,   -28,   -57,   -49
3854,   -45,   -74,   -28
3863,   -56,   -83,    -9
3872,   -59,   -76,     6
3883,   -51,   -46,    15
3892,   -35,    -3,    19
3903,   -19,    39,    14
3913,    -7,    67,     2
3922,    -1,    81,    -9
3933,     0,    83,   -19
3942,    -3,    74,   -25
3953,    -8,    54,   -26
3963,   -14,    29,   -22
3972,   -17,     2,   -15
3983,   -20,   -18,    -7
3992,   -24,   -31,    -2
4003,   -30,   -37,     4
4012,   -36,   -38,     6
4023,   -36,   -33,     6
4033,   -30,   -23,     2
4042,   -19,   -11,    -5
4053,    -9,    -1,   -12
4062,    -3,     4,   -14
4073,    -1,     2,   -11
4082,    -3,    -4,    -6
4092,    -5,   -12,    -1
4103,    -7,   -16,     4
4112,   -12,   -15,     8
4123,   -19,   -10,    11
4132,   -23,    -6,    11
4143,   -24,    -5,    11
4152,   -23,    -8,    11
4162,   -21,   -12,     9
4173,   -17,   -14,     5
4182,   -13,   -15,     2
4193,   -10,   -14,     0
4202,    -8,   -11,     1
4213,    -8,    -7,     4
4222,    -9,    -4,     4
4232,   -11,    -4,     3
4243,   -17,    -9,     3
4252,   -24,   -15,     7
4263,   -28,   -21,    14
4272,   -29,   -25,    19
4282,   -27,   -26,    21
4293,   -23,   -22,    19
4302,   -17,   -18,    13
4313,   -13,   -16,     8
4322,   -11,   -16,     5
4333,   -10,   -17,     4
4342,    -9,   -19,     5
4352,   -10,   -19,     8
4363,   -11,   -19,    11
4372,   -11,   -20,    14
4383,   -10,   -21,    15
4392,   -11,   -22,    14
4401,   -12,   -21,    15
4412,   -13,   -18,    15
4422,   -11,   -13,    13
4433,   -10,    -9,    11
4442,    -9,    -6,    10
4451,   -10,    -4,    10
4462,   -11,    -4,    11
4472,   -13,    -5,    13
4483,   -13,    -6,    15
4492,   -14,    -6,    15
4503,   -15,    -6,    15
4512,   -15,    -6,    14
4521,   -15,    -5,    17
4532,   -16,    -4,    19
4542,   -15,    -4,    20
4553,   -14,    -5,    18
4562,   -13,    -7,    16
4571,   -12,    -8,    13
4582,   -12,   -10,    13
4592,   -22,   -44,    38
4603,   -21,   -26,    26
4612,   -18,   -22,    36
4621,   -23,   -24,    30
4632,   -16,    -4,    18
4642,   -12,     4,    13
4653,   -14,     0,    12
4662,   -16,    -3,    14
4671,   -17,    -9,    16
4683,   -18,   -17,    15
4692,   -17,   -21,    14
4701,   -18,   -22,    16
4712,   -18,   -20,    16
4722,   -16,   -14,    12
4733,   -15,   -10,     9
4742,   -21,    -5,    15
4751,   -12,     5,    17
4762,    -3,    10,     4
4772,    -5,    -5,     9
4781,    -8,   -15,     9
4792,    -8,   -16,     5
4801,    -9,   -13,     6
4812,   -13,   -12,     4
4822,   -15,   -10,     2
4831,   -16,    -7,    -1
4842,   -17,    -6,    -4
4851,   -18,    -7,    -7
4862,   -17,   -10,   -10
4871,   -16,   -16,   -12
4882,   -14,   -20,   -15
4892,   -12,   -20,   -16
4901,   -15,   -17,   -15
4912,   -22,   -11,   -19
4921,   -32,    -8,   -23
4932,   -42,    -8,   -29
4942,   -71,    -9,   -51
4951,   -88,   -21,   -74
4962,   -94,   -35,   -82
4971,   -93,   -39,   -83
4982,   -92,   -38,   -78
4991,   -91,   -33,   -67
5002,   -88,   -24,   -62
5012,   -83,    -9,   -57
5021,   -75,    11,   -60
5032,   -62,    29,   -74
5041,   -42,    37,   -95
5052,   -17,    34,  -117
5061,    15,    19,  -127
5071,    48,    -1,  -128
5082,    66,   -20,  -128
5091,    64,   -35,  -123
5102,    47,   -41,  -117
5111,    24,   -42,  -118
5122,     4,   -38,  -125
5131,   -16,   -30,  -138
5141,   -36,   -27,  -153
5152,   -47,   -34,  -161
5161,   -53,   -44,  -152
5172,   -55,   -47,  -136
5181,   -54,   -38,  -120
5192,   -50,     6,  -104
5201,   -48,    38,  -106
5211,   -40,    51,  -108
5222,   -29,    54,  -109
5231,   -17,    38,  -105
5242,   -11,    15,  -102
5251,    -9,   -12,   -93
5262,    -6,   -39,   -87
5271,   -14,   -69,   -90
5281,   -24,   -97,   -92
5292,   -25,  -123,   -90
5301,   -26,  -117,   -81
5312,   -25,   -81,   -67
5321,   -23,   -43,   -54
5330,   -17,   -21,   -39
5341,   -11,   -12,   -23
5351,    -8,   -17,    -8
5362,    -9,   -21,     8
5371,   -19,    -7,    15
5382,   -34,    22,     4
5391,   -46,    52,   -18
5400,   -57,    70,   -29
5411,   -65,    71,   -26
5421,   -63,    60,   -22
5432,   -51,    43,   -20
5441,   -34,    26,   -15
5452,   -15,     8,    -3
5461,     0,    -9,     8
5470,     8,   -23,    10
5481,     8,   -35,     7
5491,     6,   -40,     6
5502,     5,   -38,     4
5511,     5,   -32,    -3
5520,     5,   -23,   -12
5531,     3,   -15,   -19
5541,    -1,    -9,   -21
5552,    -7,    -9,   -14
5561,   -11,   -12,    -9
5570,   -10,   -10,    -9
5581,    -9,    -3,   -13
5591,    -9,     1,   -17
5602,    -7,    -1,   -19
5611,    -6,    -7,   -17
5620,    -4,   -13,   -13
5631,    -2,   -19,    -9
5640,    -2,   -24,    -7
5651,    -1,   -26,    -6
5661,    -2,   -26,    -2
5672,    -1,   -27,     3
5681,     1,   -25,     5
5690,     3,   -21,     7
5701,    -3,   -37,    28
5710,   -22,   -39,    24
5721,   -31,   -27,    13
5731,   -25,    -6,     7
5742,   -19,     3,    10
5751,   -19,     0,    11
5760,   -20,    -5,     7
5771,   -23,    -3,     0
5780,   -28,     1,     1
5791,   -30,     4,    -2
5801,   -26,     1,    -4
5810,   -19,    -5,     4
5821,   -15,   -12,     8
5830,   -11,   -13,     8
5841,    -8,    -9,     7
5850,    -9,    -3,     0
5861,   -13,     7,   -11
5871,   -20,    18,   -24
5880,   -26,    28,   -37
5891,   -23,    35,   -50
5900,   -16,    40,   -58
5911,   -11,    41,   -59
5921,    -9,    37,   -55
5930,   -12,    28,   -53
5941,   -15,    21,   -50
5950,   -19,    16,   -45
5961,   -19,    15,   -43
5970,   -19,    14,   -41
5981,   -21,    15,   -39
5990,   -25,    16,   -32
6000,   -26,    13,   -22
6011,   -23,     3,   -11
6020,   -19,   -10,    -2
6031,   -14,   -21,     3
6040,   -10,   -28,     5
6051,    -6,   -37,     7
6061,    -1,   -43,     8
6070,     2,   -40,     2
6081,     0,   -32,    -8
6090,    -7,   -25,   -14
6101,   -17,   -20,   -16
6110,   -23,   -13,   -17
6120,   -22,    -2,   -14
6131,   -17,     8,    -9
6140,   -12,    15,    -4
6151,    -9,    18,     0
6160,    -6,    19,     3
6171,    -3,    18,     7
6180,    -1,    18,     8
6190,    -2,    16,     8
6201,    -5,    13,     8
6210,    -6,     7,     7
6221,   -10,     0,     8
6230,   -11,    -8,     9
6239,   -12,   -16,    11
6250,   -14,   -21,    13
6260,   -20,   -23,    13
6271,   -26,   -24,    12
6280,   -31,   -24,    12
6291,   -36,   -24,    11
6300,   -34,   -24,     9
6309,   -28,   -23,     9
6321,   -22,   -18,     9
6330,   -15,   -15,    10
6339,   -11,   -14,    10
6350,   -10,   -12,    10
6360,    -9,   -10,    12
6370,   -11,   -11,    12
6380,   -13,   -15,    11
6391,   -13,   -17,     8
6400,   -15,   -18,     5
6411,   -18,   -19,     2
6420,   -20,   -21,    -1
6430,   -22,   -23,    -2
6441,   -21,   -26,    -2
6450,   -18,   -27,    -1
6461,   -15,   -27,     0
6470,   -13,   -24,     1
6480,   -11,   -20,     2
6490,   -11,   -16,     3
6500,   -11,   -11,     3
6511,   -13,    -9,     3
6520,   -14,    -9,     2
6529,   -15,   -13,     1
6540,   -17,   -17,     1
6549,   -19,   -20,    -1
6560,   -18,   -24,    -2
6570,   -15,   -26,    -3
6579,   -12,   -26,    -4
6591,    -9,   -25,    -4
6600,    -9,   -24,    -3
6609,   -11,   -20,    -3
6621,   -14,   -15,     0
6630,   -16,   -11,     2
6639,   -17,    -9,     4
6650,   -16,    -8,     5
6660,   -15,   -10,     6
6669,   -14,   -12,     6
6680,   -13,   -13,     7
6690,   -11,   -14,     7
6699,   -10,   -15,     5
6710,    -9,   -18,     2
6720,    -6,   -19,    -1
6729,    -4,   -17,    -1
6741,    -4,   -12,     1
6750,    -5,    -6,     5
6760,    -7,    -2,     9
6771,    -8,    -1,    11
6780,    -9,    -1,    12
6790,    -9,    -2,    13
6800,   -10,    -5,    13
6810,   -10,    -9,    13
6820,   -10,   -15,    10
6829,   -11,   -19,     8
6840,   -11,   -23,     4
6850,   -12,   -23,     2
6860,   -12,   -21,     2
6870,   -13,   -16,     5
6880,   -15,   -12,     9
6889,   -12,   -11,    11
6900,    -9,   -12,    10
6910,    -7,   -12,     9
6919,    -5,   -11,     7
6930,    -4,   -10,     4
6940,    -3,    -9,     2
6949,     1,    -7,    -1
6959,     5,    -7,    -7
6970,     8,    -7,   -13
6980,     9,    -6,   -18
6989,     9,    -2,   -21
7000,     9,     4,   -21
7010,     9,     8,   -16
7019,     3,     6,   -13
7029,    -5,     0,   -12
7040,   -11,    -8,   -11
7049,   -14,   -17,   -13
7059,   -15,   -25,   -15
7070,   -18,   -27,   -15
7079,   -27,   -14,    -9
7089,   -25,    -5,    -9
7100,   -17,    -6,   -13
7109,   -10,   -12,   -11
7119,    -9,   -17,    -6
7130,   -12,   -23,    -4
7139,   -15,   -28,    -6
7149,   -17,   -31,   -11
7160,   -17,   -33,   -16
7169,   -16,   -36,   -21
7179,   -15,   -37,   -26
7189,   -14,   -36,   -29
7200,   -13,   -32,   -32
7209,   -14,   -28,   -34
7220,   -16,   -25,   -38
7230,   -17,   -26,   -47
7239,   -17,   -32,   -57
7250,   -17,   -38,   -67
7259,   -13,   -42,   -76
7269,    -7,   -43,   -82
7280,    -3,   -42,   -89
7289,     0,   -43,   -97
7299,     2,   -47,  -104
7310,     3,   -46,  -110
7319,     7,   -36,  -117
7329,     4,   -27,  -127
7340,    -7,   -18,  -136
7350,   -22,    -8,  -151
7359,   -40,     0,  -174
7369,   -63,     3,  -201
7380,   -83,     5,  -212
7389,   -89,    -1,  -210
7399,   -80,   -14,  -202
7409,   -58,   -37,  -181
7419,   -25,   -53,  -151
7429,     0,   -60,  -144
7440,    10,   -60,  -152
7449,    12,   -54,  -161
7459,     8,   -40,  -164
7470,     1,   -18,  -164
7479,    -3,     9,  -156
7489,    -6,    43,  -136
7498,    -5,    68,  -117
7509,     0,    74,   -96
7519,     4,    61,   -79
7528,     4,    40,   -68
7539,     4,    20,   -61
7549,     2,    11,   -57
7558,    -2,    10,   -56
7569,    -5,    17,   -54
7579,    -9,    26,   -51
7588,   -14,    32,   -48
7599,   -19,    34,   -48
7609,   -24,    31,   -44
7619,   -28,    24,   -38
7628,   -28,    14,   -30
7639,   -24,     6,   -21
7649,   -19,     3,   -12
7659,   -13,     5,    -8
7668,   -11,     7,    -7
7679,   -10,     5,    -9
7689,   -12,     0,   -10
7699,   -14,    -7,   -10
7709,   -21,   -15,    -9
7719,   -30,   -21,    -9
7728,   -38,   -24,    -7
7738,   -42,   -26,    -4
7749,   -41,   -27,     2
7759,   -34,   -26,     7
7768,   -25,   -24,    10
7779,   -16,   -21,    10
7789,   -12,   -20,     7
7798,   -13,   -21,     4
7809,   -16,   -25,     3
7819,   -18,   -28,     4
7828,   -21,   -28,     7
7839,   -24,   -24,    11
7849,   -25,   -20,    12
7858,   -24,   -17,    13
7868,   -22,   -15,    11
7879,   -19,   -16,     7
7888,   -17,   -16,     7
7898,   -13,   -14,     7
7909,    -7,   -12,     6
7919,     6,    -7,     1
7928,    20,    -1,     0
7939,    30,     3,     3
7949,    27,     3,     8
7958,    14,    -1,    12
7968,     4,     4,    13
7979,    -3,    22,    13
7989,   -14,    40,    15
7998,   -25,    49,    12
8008,   -34,    50,    10
8019,   -36,    43,     6
8028,   -35,    32,     4
8038,   -34,    22,     3
8049,   -29,    11,     2
8059,   -21,    -1,     3
8068,   -14,   -12,     4
8078,   -12,   -20,     8
8089,   -12,   -27,    11
8098,   -11,   -33,    14
8108,   -12,   -39,    16
8118,   -12,   -40,    17
8129,   -12,   -36,    18
8138,    -8,   -30,    19
8148,    -5,   -24,    21
8158,    -2,   -19,    22
8169,     1,   -16,    22
8178,     2,   -17,    21
8188,     2,   -18,    20
8199,    -4,   -20,    19
8208,   -13,   -25,    19
8218,   -23,   -35,    19
8229,   -30,   -51,    18
8238,   -32,   -68,    17
8247,   -29,   -79,    16
8259,   -21,   -77,    11
8268,   -15,   -64,     4
8278,   -19,   -45,     0
8288,   -29,   -26,    -2
8299,   -39,   -11,     2
8308,   -45,    -5,     8
8318,   -42,     2,    13
8329,   -29,     6,    14
8338,   -14,     1,    10
8348,    -3,   -11,     3
8359,     3,   -24,    -3
8369,     1,   -36,    -5
8378,    -6,   -43,    -4
8388,   -10,   -45,    -1
8399,    -8,   -42,     1
8408,    -6,   -36,     5
8418,    -4,   -31,     9
8429,    -2,   -26,    11
8438,    -1,   -21,    10
8448,    -1,   -21,     7
8457,    -4,   -22,     3
8468,    -7,   -23,     1
8478,    -9,   -23,     0
8487,   -11,   -22,     0
8499,   -12,   -21,     0
8508,   -14,   -19,     2
8518,   -14,   -17,     4
8527,   -15,   -15,     7
8539,   -14,   -11,     8
8548,   -12,    -8,     9
8557,   -12,    -5,     8
8568,   -10,    -2,     6
8578,   -11,    -1,     5
8587,   -14,    -2,     5
8598,   -16,    -3,     6
8608,   -18,    -7,     6
8618,   -19,   -10,     5
8627,   -18,   -13,     3
8638,   -16,   -15,     2
8648,   -16,   -16,     1
8659,   -15,   -17,     2
8668,   -14,   -17,     2
8678,   -12,   -16,     2
8687,   -12,   -13,     4
8699,   -12,   -12,     6
8708,   -11,   -13,     7
8717,   -12,   -16,     8
8727,   -13,   -17,     8
8738,   -14,   -16,     7
8747,   -15,   -15,     6
8757,   -17,   -14,     5
8768,   -18,   -11,     5
8777,   -17,    -9,     4
8788,   -16,    -7,     4
8798,   -16,    -6,     5
8808,   -15,    -6,     5
8817,   -14,    -7,     6
8828,   -13,    -8,     6
8838,   -13,   -10,     7
8847,   -13,   -11,     6
8858,   -13,   -12,     5
8868,   -13,   -13,     5
8877,   -15,   -13,     5
8888,   -16,   -13,     5
8898,   -17,   -12,     6
8907,   -19,   -12,     7
8918,   -19,   -14,     7
8928,   -21,   -14,     4
8937,   -21,    -9,     2
8947,   -21,    -7,     2
8958,   -21,    -7,     2
8967,   -21,    -9,     3
8977,   -20,   -11,     3
8988,   -19,   -12,     4
8997,   -17,   -14,     5
9008,   -16,   -14,     5
9018,   -13,   -13,     6
9027,   -11,   -12,     6
9037,    -9,   -12,     6
9048,    -8,   -14,     6
9058,    -8,   -16,     7
9067,    -8,   -17,     6
9078,    -8,   -18,     4
9088,    -8,   -18,     3
9097,    -9,   -18,     2
9107,   -12,   -18,     2
9118,   -15,   -16,     2
9127,   -18,   -15,     3
9137,   -19,   -14,     4
9148,   -18,   -13,     5
9157,   -15,   -14,     5
9168,   -12,   -16,     5
9177,    -9,   -17,     4
9187,    -7,   -19,     3
9198,    -7,   -22,     3
9207,    -9,   -22,     3
9217,   -11,   -20,     4
9228,   -13,   -18,     5
9237,   -14,   -18,     8
9247,   -14,   -19,     9
9258,   -13,   -19,    10
9267,   -12,   -17,    10
9277,   -12,   -15,     9
9288,   -13,   -14,     7
9297,   -15,   -14,     6
9307,   -16,   -14,     6
9318,   -17,   -13,     7
9327,   -18,   -10,     7
9337,   -17,    -9,     7
9348,   -17,    -8,     7
9357,   -18,    -7,     8
9367,   -18,    -5,     8
9378,   -17,    -5,     8
9387,   -17,    -6,     9
9396,   -16,    -9,     9
9408,   -15,   -12,     9
9417,   -13,   -14,     8
9426,   -13,   -15,     9
9437,   -14,   -15,     8
9447,   -15,   -14,     7
9456,   -16,   -13,     7
9467,   -17,   -13,     6
9477,   -16,   -13,     5
9486,   -15,   -14,     4
9496,   -14,   -15,     3
9507,   -12,   -15,     2
9517,   -11,   -15,     0
9526,    -8,   -15,    -2
9537,    -7,   -13,    -5
9547,    -7,   -11,    -8
9556,    -6,    -9,   -11
9567,    -6,    -6,   -14
9577,    -7,    -2,   -18
9586,    -7,     1,   -21
9598,    -7,     5,   -24
9607,    -6,     9,   -26
9617,    -5,    12,   -29
9626,    -6,    12,   -39
9637,    -9,    10,   -49
9647,    -8,     7,   -65
9658,    -9,     2,   -84
9667,    -2,    -9,  -102
9676,     7,   -10,  -113
9687,    22,    -5,  -120
9696,    30,     6,  -131
9707,    35,     0,  -155
9717,    35,   -17,  -166
9728,    12,   -18,  -148
9737,   -14,   -17,  -131
9746,   -28,   -29,  -132
9757,   -24,   -50,  -144
9767,   -17,   -61,  -151
9776,   -24,   -54,  -159
9787,   -17,   -51,  -174
9797,    -5,   -50,  -181
9806,   -13,   -18,  -168
9817,   -30,    22,  -148
9827,   -35,    31,  -144
9836,   -32,    30,  -155
9846,   -26,    34,  -163
9857,   -18,    45,  -164
9867,    -8,    57,  -160
9876,     1,    66,  -151
9887,    11,    72,  -144
9897,    17,    69,  -151
9906,    16,    61,  -171
9916,    10,    41,  -185
9927,     4,     8,  -182
9937,    -9,    -7,  -184
9946,   -16,    -1,  -191
9957,   -12,     7,  -194
9967,    -7,     8,  -194
9976,     5,     8,  -192
9987,    19,     5,  -170
9997,    36,     7,  -141
10006,    49,    11,  -108
10016,    48,    15,   -69
10027,    26,    21,   -34
10036,    -2,    26,   -10
10046,   -28,    25,     9
10057,   -43,    15,    26
10066,   -43,    -3,    41
10076,   -44,    -5,    35
10087,   -35,    -6,    36
10097,   -28,    -8,    40
10106,   -23,   -12,    40
10117,   -15,   -15,    36
10126,   -11,   -17,    28
10136,   -10,   -19,    18
10147,   -10,   -22,     5
10156,   -13,   -25,    -9
10166,   -16,   -25,   -24
10177,   -16,   -20,   -31
10186,   -13,   -18,   -24
10196,   -13,   -18,   -14
10207,   -15,   -17,   -10
10217,   -18,   -19,    -4
10226,   -22,   -26,     3
10236,   -27,   -37,     8
10247,   -30,   -46,    15
10256,   -29,   -50,    20
10266,   -28,   -49,    23
10277,   -26,   -43,    20
10287,   -23,   -35,    15
10296,   -21,   -29,    10
10305,   -19,   -24,     5
10316,   -18,   -21,     4
10326,   -19,   -19,     5
10335,   -23,   -18,     7
10346,   -25,   -19,     9
10356,   -27,   -22,    10
10366,   -27,   -28,    10
10377,   -26,   -31,    10
10386,   -25,   -32,     8
10396,   -24,   -30,     6
10406,   -21,   -26,     4
10416,   -15,   -23,     7
10426,   -11,   -23,    11
10435,    -8,   -27,    12
10447,    -6,   -27,    12
10456,    -4,   -24,    12
10465,    -3,   -22,    16
10476,    -4,   -24,    18
10486,    -3,   -27,    18
10496,    -3,   -31,    14
10507,    -4,   -34,    11
10516,    -6,   -34,    10
10526,    -9,   -34,    11
10535,   -12,   -32,    14
10546,   -16,   -27,    20
10556,   -18,   -21,    24
10565,   -18,   -17,    24
10576,   -17,   -18,    21
10586,   -16,   -22,    17
10595,   -16,   -28,    15
10606,   -14,   -33,    14
10616,    -9,   -34,    13
10625,   -10,   -36,    12
10636,   -16,   -38,    13
10645,   -16,   -36,    17
10656,   -10,   -31,    17
10666,    -2,   -30,     8
10675,     6,   -33,    -4
10686,     9,   -39,   -17
10695,    -1,   -50,   -32
10706,   -36,   -65,   -48
10716,   -83,   -61,   -58
10725,  -126,   -28,   -61
10736,  -161,    18,   -55
10745,  -169,    63,   -42
10756,  -149,    95,   -23
10766,  -106,   112,     0
10775,   -56,   118,    34
10786,    -7,   116,    68
10795,    45,    89,    96
10806,    81,    51,   102
10816,    91,    -6,    89
10825,    93,   -54,    83
10836,    77,   -83,    69
10845,    49,   -75,    52
10856,    15,   -51,    30
10865,   -14,   -26,    16
10875,   -34,    -5,     3
10886,   -43,     6,    -7
10895,   -41,    13,   -16
10906,   -36,    14,   -25
10915,   -29,    12,   -34
10925,   -21,     9,   -38
10936,   -17,     1,   -38
10945,   -15,    -6,   -37
10956,   -13,   -12,   -35
10965,   -13,   -16,   -31
10976,   -16,   -19,   -25
10985,   -19,   -21,   -18
10995,   -22,   -25,   -10
11006,   -27,   -26,    -4
11015,   -29,   -25,     2
11025,   -29,   -28,     2
11036,   -28,   -32,     1
11045,   -28,   -33,     0
11056,   -30,   -34,     2
11065,   -33,   -31,     4
11075,   -35,   -27,     4
11086,   -36,   -24,     4
11095,   -36,   -22,     4
11106,   -35,   -20,     3
11115,   -34,   -21,     0
11126,   -31,   -23,    -3
11135,   -27,   -28,    -4
11145,   -22,   -31,    -4
11156,   -18,   -34,    -1
11165,   -16,   -34,     3
11176,   -15,   -33,     7
11185,   -15,   -30,     9
11195,   -14,   -26,     9
11206,   -10,   -24,     7
11215,    -5,   -24,     1
11226,     0,   -27,    -7
11235,     2,   -30,   -13
11244,     1,   -32,   -17
11255,    -4,   -32,   -16
11265,    -9,   -30,   -12
11276,   -14,   -26,    -6
11285,   -18,   -21,     2
11294,   -19,   -17,     7
11305,   -17,   -14,    11
11315,   -13,   -13,    13
11326,    -9,   -15,    15
11335,    -8,   -17,    13
11346,    -8,   -19,     8
11355,    -8,   -19,     4
11365,   -10,   -19,     2
11376,   -13,   -18,     3
11385,   -14,   -18,     4
11394,   -13,   -17,     5
11405,   -11,   -17,     6
11414,    -9,   -14,     9
11425,    -9,   -14,    10
11435,   -12,   -16,     5
11446,   -15,   -18,     1
11455,   -16,   -19,    -1
11464,   -17,   -19,    -1
11476,   -18,   -18,     1
11485,   -18,   -17,     6
11494,   -18,   -16,    10
11505,   -18,   -16,    11
11515,   -17,   -17,     9
11526,   -16,   -18,     7
11535,   -14,   -18,     4
11544,   -13,   -16,     1
11555,   -12,   -15,    -2
11564,   -12,   -16,    -6
11575,   -11,   -19,    -9
11585,   -10,   -21,   -10
11594,   -10,   -23,    -9
11605,   -12,   -22,    -7
11614,   -13,   -19,    -6
11625,   -12,   -21,    -8
11635,   -13,   -28,   -15
11644,   -11,   -30,   -20
11655,   -10,   -27,   -26
11665,    -8,   -30,   -38
11674,    -2,   -32,   -59
11685,     7,   -32,   -87
11695,    15,   -36,  -112
11706,    27,   -40,  -142
11715,    44,   -40,  -176
11724,    57,   -36,  -211
11735,    62,   -33,  -244
11745,    58,   -24,  -262
11754,    40,   -18,  -266
11765,    17,   -19,  -252
11774,    -3,   -29,  -226
11785,   -24,   -33,  -205
11795,   -44,   -32,  -201
11804,   -61,   -44,  -227
11815,   -81,   -52,  -216
11825,   -81,   -20,  -239
11834,   -67,    -3,  -276
11845,   -64,    17,  -260
11854,   -77,    58,  -154
11865,   -68,    33,  -124
11875,   -39,    12,  -109
11884,   -16,    -4,   -93
11895,    -8,   -11,   -80
11905,    -8,    -8,   -71
11914,    -3,    -5,   -74
11925,     4,    -9,   -81
11935,     0,   -22,   -84
11944,    -7,   -41,   -78
11955,    -6,   -49,   -63
11965,    -2,   -53,   -46
11974,     2,   -54,   -42
11985,     7,   -34,   -28
11995,    15,     4,   -12
12004,    32,    34,    -8
12015,    53,    37,   -14
12024,    66,    31,   -17
12034,    68,    27,   -14
12045,    66,    17,   -12
12054,    62,    11,   -13
12064,    52,     1,   -16
12075,    44,    -1,   -20
12084,    40,     2,   -24
12095,    31,     2,   -26
12104,    21,    -2,   -23
12114,     6,   -12,   -17
12125,   -11,   -23,   -11
12134,   -28,   -27,    -7
12145,   -43,   -27,    -4
12155,   -56,   -29,    -1
12164,   -66,   -31,     1
12175,   -69,   -29,    -1
12184,   -63,   -25,    -8
12194,   -53,   -17,   -16
12205,   -43,   -11,   -19
12214,   -31,    -8,   -13
12223,   -11,   -12,     2
12234,     6,    -8,    12
12244,    17,    -3,    16
12255,    23,    -2,    16
12264,    23,     1,    13
12275,    24,     7,    14
12284,    24,     4,    17
12294,    19,    -9,    19
12305,    12,   -23,    18
12314,     1,   -34,    16
12325,   -14,   -40,    16
12334,   -26,   -39,    22
12343,   -31,   -20,    16
12354,   -32,    12,     6
12364,   -31,    42,    -3
12375,   -43,    65,    -9
12384,   -55,    71,   -11
12393,   -64,    60,   -11
12404,   -63,    41,    -4
12413,   -53,    28,     7
12424,   -42,    22,    14
12434,   -36,    16,    17
12445,   -34,     7,    18
12454,   -32,    -4,    17
12464,   -30,   -16,    15
12475,   -25,   -25,    13
12484,   -19,   -25,    11
12493,   -14,   -18,     9
12504,   -12,   -12,     9
12514,   -10,    -8,    11
12525,    -9,    -3,    15
12534,    -9,    -2,    18
12543,   -12,    -3,    19
12554,   -16,    -7,    17
12564,   -20,   -11,    17
12575,   -21,   -14,    15
12584,   -20,   -13,    13
12593,   -14,    -8,    14
12604,    -4,    -3,    16
12614,    10,     2,    20
12625,    25,     3,    25
12634,    38,    -1,    33
12643,    42,    -6,    38
12654,    36,   -10,    38
12663,    22,    -9,    32
12674,     7,    -3,    25
12684,    -5,     4,    18
12693,   -12,    10,    14
12704,   -16,    13,    12
12713,   -19,    10,     9
12724,   -25,     0,     6
12734,   -32,   -18,     0
12743,   -36,   -32,    -7
12754,   -35,   -33,   -15
12763,   -35,   -24,   -25
12774,   -33,   -10,   -33
12783,   -30,     8,   -36
12793,   -27,    26,   -37
12804,   -24,    42,   -37
12813,   -19,    36,   -29
12824,   -15,    26,   -27
12834,   -13,    18,   -25
12843,   -11,     7,   -21
12854,   -12,    -5,   -17
12863,   -18,   -14,   -14
12874,   -26,   -20,   -12
12883,   -30,   -19,    -9
12894,   -31,   -16,    -7
12904,   -29,   -13,    -5
12913,   -27,   -13,     0
12924,   -24,   -15,     3
12933,   -19,   -17,     6
12944,   -14,   -22,    10
12953,   -10,   -27,    12
12963,    -8,   -26,    13
12974,   -10,   -24,    13
12983,   -15,   -22,    11
12994,   -20,   -17,     9
13003,   -26,    -9,     6
13013,   -31,     0,     3
13024,   -32,     5,     5
13033,   -29,     5,     8
13044,   -23,     1,     9
13053,   -17,    -7,    12
13064,   -13,   -14,    13
13073,   -11,   -18,    13
13083,    -9,   -20,    14
13094,    -8,   -19,    15
13103,    -8,   -18,    14
13114,   -10,   -17,    13
13123,   -14,   -14,    13
13133,   -17,   -13,    13
13144,   -18,   -15,    16
13153,   -18,   -17,    19
13164,   -17,   -21,    20
13173,   -17,   -25,    18
13184,   -17,   -28,    16
13193,   -15,   -29,    14
13203,   -13,   -27,    12
13214,   -11,   -23,    11
13223,   -11,   -17,    11
13234,   -13,   -13,    11
13243,   -15,   -11,    12
13252,   -17,   -12,    12
13263,   -21,   -15,    11
13273,   -22,   -17,    10
13284,   -21,   -19,    10
13293,   -18,   -19,    10
13302,   -15,   -19,     9
13313,   -12,   -18,     9
13323,   -10,   -18,     9
13334,   -10,   -17,     8
13343,   -11,   -15,     8
13354,   -14,   -13,     7
13363,   -16,   -13,     8
13372,   -17,   -12,     8
13383,   -18,   -12,     7
13393,   -19,   -14,     6
13404,   -19,   -14,     6
13413,   -18,   -14,     7
13424,   -17,   -14,     8
13433,   -16,   -15,     9
13442,   -15,   -15,    10
13453,   -15,   -15,    10
13463,   -16,   -16,     8
13474,   -17,   -15,     7
13483,   -17,   -14,     7
13492,   -17,   -13,     8
13503,   -17,   -12,     8
13513,   -17,   -13,     7
13524,   -17,   -16,     7
13533,   -16,   -17,     8
13542,   -14,   -17,     8
13553,   -14,   -16,     7
13562,   -14,   -15,     7
13573,   -15,   -13,     7
13583,   -16,   -12,     9
13594,   -16,   -11,    10
13603,   -17,   -11,     9
13612,   -18,   -12,     8
13623,   -18,   -14,     7
13632,   -18,   -14,     7
13643,   -18,   -15,     7
13653,   -17,   -15,     7
13664,   -16,   -15,     8
13673,   -15,   -14,     9
13682,   -14,   -13,    11
13693,   -14,   -13,    11
13702,   -15,   -14,    10
13713,   -16,   -14,    10
13723,   -15,   -14,    10
13732,   -14,   -14,    12
13743,   -13,   -14,    12
13752,   -12,   -16,    12
13763,   -12,   -18,    12
13773,   -12,   -18,    12
13782,   -12,   -18,    11
13793,   -13,   -18,    10
13802,   -13,   -17,    10
13813,   -14,   -16,    10
13822,   -15,   -16,     9
13832,   -17,   -17,     9
13843,   -17,   -17,     9
13852,   -17,   -17,    10
13863,   -17,   -16,     9
13872,   -16,   -16,     9
13883,   -15,   -16,     8
13893,   -14,   -16,     7
13902,   -13,   -17,     7
13913,   -12,   -17,     8
13922,   -11,   -17,     9
13933,   -11,   -17,    10
13942,   -12,   -17,    11
13952,   -13,   -17,    11
13963,   -15,   -17,    11
13972,   -18,   -15,    10
13983,   -19,   -15,     9
13992,   -18,   -15,     9
14003,   -16,   -14,     8
14012,   -14,   -15,     8
14022,   -12,   -15,     7
14033,   -11,   -16,     8
14042,   -11,   -17,     9
14052,   -11,   -17,    10
14063,   -13,   -16,    10
14072,   -16,   -15,     9
14083,   -19,   -14,     8
14092,   -19,   -13,     8
14103,   -18,   -13,     8
14112,   -15,   -13,     8
14122,   -13,   -12,     8
14133,   -12,   -12,     8
14142,   -12,   -11,     8
14153,   -12,   -11,     8
14162,   -13,   -11,     8
14173,   -15,   -13,     9
14182,   -16,   -15,     9
14192,   -17,   -15,    10
14203,   -17,   -14,    10
14212,   -15,   -14,    11
14223,   -14,   -15,    10
14232,   -13,   -16,    11
14241,   -11,   -16,    11
14252,    -9,   -16,    11
14262,    -8,   -16,    12
14273,    -7,   -19,    13
14282,    -8,   -20,    13
14293,    -8,   -20,    13
14302,    -9,   -18,    13
14312,   -11,   -17,    14
14322,   -13,   -17,    13
14332,   -15,   -19,    13
14343,   -15,   -18,    13
14352,   -15,   -18,    12
14361,   -14,   -18,    12
14372,   -11,   -19,    13
14382,   -10,   -20,    13
14392,    -9,   -20,    13
14402,    -8,   -19,    13
14413,    -9,   -19,    13
14422,   -10,   -18,    13
14431,   -12,   -17,    12
14442,   -13,   -15,    11
14452,   -14,   -13,    10
14463,   -17,   -14,     6
14472,   -19,   -24,     4
14481,   -14,   -23,     6
14492,    -9,   -17,     6
14501,    -8,   -16,     9
14512,   -10,   -19,    11
14522,   -14,   -22,    12
14533,   -16,   -22,    13
14542,   -14,   -18,    13
14551,   -10,   -17,    17
14562,    -7,   -14,    24
14572,    -3,   -16,    33
14582,     1,   -19,    44
14592,     4,   -15,    55
14601,     4,    -7,    63
14612,     4,     2,    68
14621,     5,    12,    73
14632,   -12,    27,    92
14642,   -27,    47,   104
14652,   -34,    56,   112
14662,   -32,    49,   110
14671,   -28,    38,   112
14682,   -27,    34,   118
14691,   -32,    34,   124
14702,   -36,    32,   128
14711,   -28,    21,   120
14722,   -15,    -2,   112
14732,   -12,   -28,   104
14741,   -17,   -47,   101
14752,   -24,   -53,   102
14761,   -31,   -54,   104
14772,   -36,   -50,   112
14782,   -39,   -43,   123
14791,   -41,   -32,   135
14802,   -40,   -16,   137
14811,   -37,    -4,   139
14822,   -31,     5,   141
14831,   -27,     3,   141
14841,   -23,    -8,   139
14852,   -20,   -28,   133
14861,   -22,   -46,   124
14872,   -25,   -55,   115
14881,   -31,   -58,   109
14892,   -37,   -54,   103
14901,   -40,   -49,    95
14911,   -39,   -47,    88
14922,   -34,   -47,    81
14931,   -27,   -45,    75
14942,   -21,   -42,    73
14951,   -19,   -39,    72
14961,   -18,   -37,    72
14972,   -12,   -33,    71
14981,    -4,   -24,    69
14992,    -1,   -17,    63
15001,    -3,    -5,    58
15012,    -9,     4,    53
15021,   -15,     2,    50
15031,   -18,    -1,    48
15042,   -25,    -8,    42
15051,   -32,   -18,    35
15062,   -29,   -21,    31
15071,   -14,   -16,    39
15082,     4,    -3,    39
15091,    17,    21,    47
15101,    33,    38,    65
15112,    53,    24,    78
15121,    11,    15,    67
15132,    -6,    11,    79
15141,     2,     2,   108
15150,    11,    -5,   138
15161,    12,    -4,   157
15171,     6,     0,   175
15182,    -5,     1,   180
15191,   -14,    -2,   168
15202,   -27,    -1,   147
15211,   -42,     7,   129
15221,   -54,    22,   117
15231,   -60,    39,   113
15241,   -58,    61,   126
15252,   -55,    73,   142
15261,   -56,    83,   163
15270,   -64,    87,   186
15281,   -79,    83,   208
15291,   -90,    80,   221
15301,   -88,    80,   218
15311,   -64,    77,   205
15322,   -50,    72,   202
15331,   -44,    59,   204
15340,   -39,    49,   202
15351,   -32,    45,   189
15361,   -19,    38,   169
15372,    -3,    25,   151
15381,    12,     7,   145
15390,    23,   -19,   154
15401,    24,   -46,   163
15410,    14,   -72,   164
15421,    -2,   -99,   164
15431,   -12,  -116,   161
15442,   -16,  -116,   154
15451,   -21,  -102,   145
15460,   -28,   -76,   134
15471,   -37,   -53,   125
15481,   -46,   -41,   118
15491,   -57,   -39,   116
15501,   -66,   -43,   117
15510,   -74,   -46,   117
15521,   -71,   -46,   111
15530,   -63,   -44,   102
15541,   -59,   -40,    89
15551,   -56,   -36,    78
15562,   -54,   -33,    71
15571,   -46,   -26,    64
15580,   -31,   -15,    57
15591,   -13,    -7,    50
15601,     2,    -2,    43
15612,    10,    -1,    39
15621,    11,    -4,    37
15630,     5,    -9,    40
15641,    -5,   -11,    46
15650,   -15,   -11,    55
15661,   -24,   -11,    66
15671,   -29,   -11,    77
15680,   -29,   -13,    86
15691,   -26,   -12,    92
15700,   -23,    -8,    94
15711,   -22,    -3,    92
15720,   -25,     0,    89
15730,   -30,     1,    85
15741,   -37,     4,    82
15750,   -41,     8,    80
15761,   -41,    13,    76
15770,   -37,    18,    73
15781,   -30,    21,    68
15791,   -22,    20,    61
15800,   -17,    15,    54
15811,   -15,     7,    46
15820,   -16,    -3,    39
15831,   -17,   -13,    33
15841,   -18,   -22,    28
15850,   -16,   -28,    24
15861,   -13,   -31,    23
15870,    -9,   -30,    24
15881,    -9,   -27,    27
15890,   -13,   -25,    32
15901,   -19,   -25,    37
15911,   -26,   -24,    41
15920,   -30,   -20,    41
15931,   -33,   -15,    38
15940,   -35,   -13,    35
15951,   -36,   -10,    31
15960,   -36,    -9,    29
15970,   -37,    -9,    28
15981,   -32,     1,    28
15990,   -27,    13,    25
16001,   -30,     9,    11
16010,   -33,    13,     2
16021,   -29,    21,     7
16030,   -24,    17,    20
16040,   -17,    -1,    34
16051,     0,    -1,    42
16060,    10,     6,    43
16070,    16,    12,    46
16081,    17,     3,    43
16090,    14,   -15,    39
16101,     7,   -29,    30
16110,     0,   -37,    23
16120,    -6,   -40,    16
16131,   -14,   -43,     5
16140,   -20,   -44,    -4
16150,   -25,   -43,   -11
16161,   -29,   -43,   -14
16170,   -30,   -44,   -15
16181,   -28,   -47,   -14
16190,   -25,   -45,   -13
16199,   -21,   -35,    -8
16210,   -21,   -22,    -7
16220,   -25,   -20,   -12
16231,   -29,   -24,   -14
16240,   -30,   -44,   -12
16251,   -33,   -60,    -8
16260,   -36,   -57,    -5
16269,   -38,   -46,    -2
16280,   -36,   -32,     2
16290,   -25,   -17,     8
16301,    -6,     4,    17
16310,    13,    26,    25
16319,    30,    43,    35
16330,    39,    51,    49
16339,    37,    50,    64
16350,    28,    41,    80
16360,    12,    25,    95
16371,    -9,     5,   105
16380,   -29,   -18,   112
16389,   -46,   -48,   110
16400,   -57,   -76,    96
16410,   -56,   -96,    74
16421,   -46,  -105,    52
16430,   -29,   -96,    37
16439,   -12,   -67,    28
16450,    -5,   -28,    20
16459,    -2,     3,    13
16470,    -2,    22,     9
16480,    -6,    31,     9
16491,   -15,    31,    11
16500,   -27,    23,    14
16509,   -39,     5,    16
16520,   -44,   -12,    17
16529,   -43,   -21,    16
16540,   -40,   -18,    16
16550,   -34,    -6,    16
16560,   -28,     9,    16
16571,   -21,    20,    14
16580,   -14,    27,    14
16589,   -11,    27,    13
16600,   -11,    22,    11
16610,   -13,    11,    11
16619,   -15,    -4,    10
16630,   -18,   -18,     9
16639,   -20,   -27,     7
16650,   -21,   -29,     5
16660,   -21,   -26,     3
16669,   -19,   -21,     2
16680,   -15,   -15,     2
16689,   -10,   -12,     3
16700,    -6,   -10,     4
16710,    -4,   -10,     5
16719,    -3,   -11,     7
16730,    -5,    -9,     9
16739,    -9,    -8,    10
16750,   -16,    -7,    10
16760,   -22,    -8,    11
16769,   -27,   -10,    10
16780,   -29,   -13,     8
16789,   -28,   -14,     6
16800,   -23,   -13,     5
16810,   -16,   -12,     6
16819,   -10,   -10,     7
16830,    -7,    -9,     8
16839,    -7,    -8,     9
16850,   -10,    -7,     9
16860,   -13,    -6,     9
16869,   -15,    -6,     9
16880,   -15,    -8,     9
16889,   -15,   -10,     9
16900,   -14,   -12,     9
16909,   -13,   -15,    10
16919,   -13,   -17,    10
16930,   -14,   -20,    11
16939,   -16,   -20,    11
16950,   -17,   -18,    11
16959,   -17,   -14,    12
16969,   -16,   -10,    13
16980,   -13,    -7,    13
16989,   -11,    -7,    12
17000,   -11,    -8,    11
17009,   -12,   -11,     9
17019,   -13,   -13,     7
17029,   -11,   -14,     7
17039,    -9,   -14,     9
17050,    -8,   -14,    10
17059,   -10,   -17,    10
17070,   -13,   -20,    10
17079,   -17,   -21,     8
17089,   -19,   -21,     6
17100,   -19,   -19,     5
17109,   -17,   -17,     5
17119,   -14,   -16,     5
17130,   -12,   -16,     5
17139,   -11,   -17,     5
17150,   -10,   -16,     6
17159,   -10,   -14,     7
17168,   -10,   -14,     9
17180,   -12,   -14,    10
17189,   -14,   -16,    11
17200,   -14,   -18,    10
17209,   -14,   -19,     9
17219,   -13,   -17,     8
17230,   -12,   -13,     7
17239,   -11,    -9,     5
17250,   -12,    -7,     4
17259,   -12,    -7,     4
17269,   -11,    -8,     4
17278,    -9,   -10,     6
17289,    -8,   -11,     8
17299,    -9,   -10,     9
17310,   -10,   -10,     9
17319,   -10,    -9,     9
17329,   -11,    -9,     9
17339,   -13,    -9,     8
17349,   -16,   -11,     8
17360,   -19,   -14,     9
17369,   -19,   -16,     9
17379,   -19,   -16,     9
17390,   -17,   -14,     9
17399,   -15,   -12,     9
17409,   -13,   -11,     9
17419,   -10,   -11,    10
17429,   -10,   -12,    11
17440,   -11,   -13,    12
17449,   -12,   -14,    12
17458,   -13,   -16,    12
17469,   -12,   -17,    12
17478,   -11,   -16,    12
17489,   -10,   -14,    13
17499,   -11,   -10,    13
17508,   -13,    -8,    13
17519,   -14,    -7,    12
17528,   -15,    -9,    12
17539,   -15,   -10,    12
17549,   -14,   -12,    12
17558,   -13,   -13,    13
17569,   -11,   -14,    15
17579,    -9,   -14,    16
17588,    -7,   -13,    18
17599,    -6,    -9,    19
17608,    -7,    -6,    21
17619,    -7,    -5,    23
17629,    -7,    -5,    24
17638,   -10,    -7,    23
17649,   -14,   -10,    19
17658,   -17,   -13,    15
17669,   -18,   -16,    14
17679,   -17,   -18,    16
17688,   -15,   -18,    20
17699,   -13,   -18,    24
17709,   -12,   -17,    28
17718,   -13,   -15,    34
17729,   -13,   -13,    40
17738,   -11,   -11,    42
17749,   -10,   -10,    41
17759,    -7,   -10,    41
17768,    -4,   -10,    44
17779,     1,   -12,    50
17789,     5,   -14,    58
17798,     4,   -17,    65
17809,    -2,   -16,    70
17818,   -10,   -12,    71
17829,   -16,    -8,    70
17839,   -22,    -5,    71
17848,   -28,    -7,    79
17859,   -32,   -10,    93
17868,   -36,   -14,   107
17879,   -39,   -18,   120
17889,   -42,   -22,   131
17898,   -41,   -25,   139
17909,   -36,   -27,   148
17919,   -28,   -27,   155
17928,   -24,   -25,   155
17939,   -22,   -21,   155
17948,   -22,   -19,   158
17959,   -19,   -15,   168
17968,   -13,    -6,   178
17978,    -3,    10,   186
17989,    10,    28,   194
17998,    22,    42,   201
18008,    29,    50,   199
18019,    26,    51,   187
18028,    16,    47,   166
18039,    -1,    39,   141
18048,   -19,    32,   118
18058,   -31,    28,   105
18068,   -39,    22,   102
18078,   -47,    17,   100
18089,   -59,    12,    93
18098,   -73,     7,    83
18107,   -81,    -1,    73
18118,   -82,   -11,    63
18128,   -76,   -25,    52
18139,   -63,   -38,    46
18148,   -48,   -43,    42
18159,   -31,   -37,    40
18168,   -16,   -24,    37
18177,    -6,   -12,    32
18189,     1,    -5,    27
18198,     6,    -3,    22
18207,     6,    -7,    19
18218,     0,   -15,    16
18228,    -8,   -24,    13
18238,   -17,   -34,     9
18248,   -26,   -40,     5
18259,   -28,   -42,     2
18268,   -28,   -41,    -1
18277,   -25,   -38,    -4
18289,   -20,   -36,    -5
18298,   -14,   -34,    -5
18307,    -8,   -35,    -4
18318,    -3,   -36,    -1
18328,     1,   -38,     2
18339,     4,   -39,     4
18348,     5,   -36,     6
18357,     1,   -30,    10
18368,    -8,   -25,    15
18378,   -21,   -29,    14
18389,   -30,   -38,     7
18398,   -32,   -39,     2
18407,   -25,   -26,     3
18418,   -12,    -3,    11
18427,     3,    21,    20
18438,    13,    36,    26
18448,    15,    43,    30
18459,     7,    44,    25
18468,   -12,    38,     8
18477,   -33,    22,   -11
18488,   -44,     0,   -23
18498,   -42,   -17,   -29
18509,   -26,   -24,   -25
18518,    -4,   -22,   -20
18527,    19,   -14,    -9
18538,    35,    -2,     4
18547,    42,    12,    16
18558,    38,    25,    25
18568,    24,    35,    28
18578,     4,    38,    27
18588,   -18,    35,    25
18597,   -38,    24,    22
18608,   -52,    12,    23
18618,   -60,     2,    23
18627,   -62,    -5,    25
18638,   -56,    -9,    27
18647,   -46,   -11,    29
18658,   -33,   -12,    32
18668,   -20,   -10,    33
18677,   -10,    -7,    33
18688,    -3,    -2,    33
18697,     0,     2,    31
18708,    -1,     2,    27
18717,    -4,    -3,    23
18728,    -7,   -14,    20
18738,   -12,   -24,    17
18747,   -14,   -30,    15
18758,   -16,   -32,    15
18767,   -17,   -29,    13
18778,   -18,   -26,    11
18787,   -16,   -22,     9
18798,   -14,   -17,     8
18808,   -11,   -11,     8
18817,   -10,    -7,     8
18828,    -9,    -7,     7
18837,    -9,    -9,     7
18848,   -11,   -14,     5
18857,   -14,   -18,     4
18868,   -15,   -21,     4
18878,   -16,   -24,     5
18887,   -16,   -24,     6
18898,   -17,   -23,     6
18907,   -18,   -20,     6
18918,   -17,   -17,     6
18927,   -16,   -16,     6
18938,   -15,   -16,     6
18948,   -13,   -16,     8
18957,   -12,   -17,     9
18968,   -12,   -19,     9
18977,   -13,   -21,     8
18987,   -15,   -22,     7
18998,   -16,   -23,     5
19007,   -16,   -23,     4
19017,   -16,   -22,     4
19028,   -14,   -21,     5
19037,   -13,   -18,     6
19047,   -13,   -16,     7
19058,   -13,   -16,     8
19067,   -14,   -17,     9
19077,   -15,   -19,    10
19088,   -17,   -21,    11
19097,   -20,   -22,    10
19107,   -23,   -23,     9
19118,   -25,   -24,     8
19127,   -26,   -24,     8
19137,   -25,   -22,     8
19148,   -21,   -19,     8
19157,   -17,   -16,    10
19167,   -12,   -12,    11
19178,   -10,   -10,    11
19187,    -9,   -10,    12
19196,    -9,   -13,    12
19208,   -10,   -17,    12
19217,   -11,   -19,    13
19226,   -12,   -20,    13
19237,   -12,   -20,    12
19247,   -13,   -18,    11
19256,   -13,   -16,     9
19267,   -14,   -15,     9
19277,   -14,   -17,     8
19286,   -16,   -19,     8
19297,   -17,   -20,     8
19307,   -17,   -20,     8
19318,   -16,   -20,     8
19327,   -15,   -19,     8
19337,   -13,   -18,     9
19348,   -13,   -16,     9
19357,   -13,   -15,     7
19367,   -14,   -13,     6
19377,   -13,   -13,     7
19387,   -12,   -12,     9
19396,   -12,   -13,     9
19407,   -13,   -13,     9
19417,   -14,   -14,     8
19426,   -14,   -14,     9
19437,   -13,   -14,    10
19447,   -12,   -13,    10
19456,   -12,   -13,    10
19467,   -13,   -13,    10
19477,   -14,   -12,    10
19488,   -14,   -12,    10
19497,   -15,   -13,     9
19506,   -16,   -13,     9
19518,   -15,   -13,     8
