time,qw,qx,qy,qz
7,0.88843,0.12390,0.07172,0.43604
16,0.88806,0.12396,0.07214,0.43665
27,0.88776,0.12408,0.07251,0.43713
36,0.88745,0.12427,0.07281,0.43774
47,0.88708,0.12445,0.07306,0.43835
56,0.88678,0.12457,0.07343,0.43890
67,0.88641,0.12457,0.07391,0.43951
77,0.88611,0.12451,0.07446,0.44006
86,0.88580,0.12445,0.07495,0.44061
97,0.88550,0.12439,0.07532,0.44116
106,0.88525,0.12433,0.07574,0.44165
117,0.88495,0.12439,0.07611,0.44214
127,0.88464,0.12439,0.07654,0.44269
136,0.88428,0.12457,0.07697,0.44330
147,0.88391,0.12469,0.07733,0.44385
156,0.88361,0.12488,0.07751,0.44452
167,0.88324,0.12506,0.07751,0.44507
176,0.88293,0.12518,0.07751,0.44568
186,0.88263,0.12531,0.07751,0.44623
197,0.88232,0.12531,0.07770,0.44684
206,0.88202,0.12524,0.07794,0.44739
217,0.88177,0.12506,0.07819,0.44794
226,0.88147,0.12488,0.07843,0.44849
236,0.88123,0.12469,0.07861,0.44904
247,0.88098,0.12451,0.07874,0.44958
256,0.88068,0.12433,0.07880,0.45013
267,0.88037,0.12421,0.07892,0.45081
276,0.88000,0.12408,0.07922,0.45148
287,0.87964,0.12396,0.07953,0.45221
296,0.87921,0.12402,0.07983,0.45294
306,0.87872,0.12408,0.08002,0.45386
317,0.87823,0.12415,0.08008,0.45477
326,0.87775,0.12415,0.08014,0.45575
337,0.87726,0.12390,0.08026,0.45660
346,0.87689,0.12354,0.08051,0.45740
356,0.87659,0.12299,0.08075,0.45807
367,0.87634,0.12244,0.08093,0.45874
376,0.87604,0.12189,0.08099,0.45935
387,0.87579,0.12152,0.08093,0.45996
396,0.87549,0.12128,0.08081,0.46063
405,0.87512,0.12122,0.08063,0.46136
416,0.87476,0.12134,0.08038,0.46210
426,0.87427,0.12164,0.08026,0.46295
437,0.87378,0.12201,0.08026,0.46375
446,0.87329,0.12238,0.08038,0.46454
457,0.87286,0.12268,0.08063,0.46533
466,0.87244,0.12286,0.08087,0.46600
476,0.87201,0.12286,0.08099,0.46674
487,0.87170,0.12274,0.08105,0.46735
496,0.87134,0.12256,0.08093,0.46802
507,0.87103,0.12238,0.08087,0.46869
516,0.87067,0.12225,0.08075,0.46942
526,0.87030,0.12219,0.08069,0.47009
536,0.86993,0.12231,0.08069,0.47083
546,0.86945,0.12244,0.08081,0.47162
557,0.86896,0.12262,0.08105,0.47241
566,0.86853,0.12286,0.08130,0.47314
575,0.86810,0.12311,0.08136,0.47388
586,0.86768,0.12335,0.08136,0.47455
596,0.86731,0.12347,0.08130,0.47522
605,0.86694,0.12354,0.08112,0.47583
616,0.86664,0.12354,0.08087,0.47644
626,0.86633,0.12354,0.08063,0.47711
637,0.86603,0.12347,0.08038,0.47772
646,0.86566,0.12347,0.08026,0.47839
656,0.86523,0.12372,0.08020,0.47913
667,0.86475,0.12402,0.08020,0.47986
676,0.86432,0.12439,0.08026,0.48059
685,0.86389,0.12469,0.08032,0.48126
697,0.86353,0.12482,0.08038,0.48187
706,0.86334,0.12457,0.08044,0.48230
715,0.86316,0.12408,0.08063,0.48260
726,0.86310,0.12354,0.08087,0.48291
736,0.86298,0.12292,0.08118,0.48322
747,0.86285,0.12231,0.08148,0.48352
756,0.86267,0.12183,0.08173,0.48389
765,0.86249,0.12152,0.08191,0.48431
776,0.86230,0.12128,0.08203,0.48468
785,0.86218,0.12103,0.08215,0.48499
796,0.86206,0.12073,0.08228,0.48523
806,0.86194,0.12036,0.08228,0.48547
815,0.86188,0.12006,0.08228,0.48572
826,0.86169,0.11981,0.08228,0.48602
835,0.86157,0.11963,0.08228,0.48639
846,0.86139,0.11938,0.08221,0.48676
856,0.86121,0.11914,0.08209,0.48712
867,0.86102,0.11890,0.08185,0.48749
876,0.86090,0.11871,0.08173,0.48792
885,0.86066,0.11853,0.08154,0.48834
896,0.86035,0.11853,0.08136,0.48895
905,0.85999,0.11853,0.08112,0.48956
916,0.85968,0.11865,0.08087,0.49017
926,0.85931,0.11865,0.08075,0.49072
935,0.85901,0.11859,0.08075,0.49127
946,0.85876,0.11841,0.08081,0.49182
955,0.85852,0.11823,0.08099,0.49225
966,0.85834,0.11798,0.08124,0.49261
975,0.85809,0.11786,0.08142,0.49298
986,0.85791,0.11780,0.08142,0.49335
996,0.85767,0.11780,0.08124,0.49377
1005,0.85742,0.11786,0.08112,0.49420
1016,0.85712,0.11792,0.08112,0.49475
1025,0.85675,0.11798,0.08118,0.49530
1036,0.85638,0.11804,0.08136,0.49591
1046,0.85608,0.11804,0.08160,0.49646
1055,0.85577,0.11798,0.08191,0.49695
1066,0.85547,0.11786,0.08221,0.49744
1075,0.85522,0.11780,0.08246,0.49786
1086,0.85492,0.11780,0.08246,0.49829
1095,0.85468,0.11780,0.08234,0.49878
1106,0.85437,0.11774,0.08228,0.49927
1116,0.85406,0.11768,0.08234,0.49982
1125,0.85370,0.11761,0.08258,0.50043
1136,0.85327,0.11749,0.08295,0.50110
1145,0.85291,0.11743,0.08325,0.50177
1156,0.85242,0.11749,0.08362,0.50250
1166,0.85193,0.11755,0.08392,0.50323
1175,0.85138,0.11761,0.08423,0.50415
1186,0.85083,0.11761,0.08441,0.50500
1195,0.85034,0.11786,0.08472,0.50574
1206,0.84998,0.11847,0.08521,0.50610
1215,0.84973,0.11969,0.08533,0.50629
1225,0.84949,0.12146,0.08441,0.50635
1236,0.84937,0.12366,0.08203,0.50647
1245,0.84937,0.12610,0.07837,0.50641
1256,0.84961,0.12866,0.07397,0.50604
1265,0.85022,0.13147,0.06921,0.50494
1275,0.85120,0.13434,0.06470,0.50317
1286,0.85229,0.13727,0.06097,0.50098
1295,0.85333,0.14038,0.05853,0.49854
1306,0.85406,0.14404,0.05774,0.49640
1315,0.85431,0.14795,0.05847,0.49475
1326,0.85419,0.15131,0.06024,0.49377
1335,0.85382,0.15326,0.06250,0.49347
1345,0.85345,0.15344,0.06500,0.49371
1356,0.85333,0.15228,0.06732,0.49390
1365,0.85388,0.14941,0.06921,0.49365
1376,0.85516,0.14453,0.07080,0.49268
1385,0.85712,0.13794,0.07257,0.49084
1394,0.85944,0.13031,0.07532,0.48853
1405,0.86151,0.12286,0.07928,0.48615
1415,0.86310,0.11578,0.08411,0.48425
1426,0.86456,0.10754,0.08936,0.48260
1435,0.86499,0.09894,0.09460,0.48267
1446,0.86505,0.09027,0.10059,0.48309
1455,0.86487,0.08270,0.10675,0.48346
1465,0.86475,0.07721,0.11249,0.48328
1476,0.86493,0.07471,0.11682,0.48230
1485,0.86536,0.07501,0.11951,0.48077
1496,0.86603,0.07709,0.12152,0.47876
1505,0.86670,0.08002,0.12396,0.47644
1514,0.86725,0.08331,0.12762,0.47388
1525,0.86761,0.08643,0.13251,0.47131
1535,0.86774,0.08893,0.13824,0.46887
1546,0.86780,0.09094,0.14331,0.46692
1555,0.86810,0.09192,0.14697,0.46497
1564,0.86890,0.09204,0.14911,0.46289
1575,0.87006,0.09137,0.14984,0.46051
1584,0.87164,0.09021,0.14941,0.45789
1595,0.87354,0.08875,0.14850,0.45490
1605,0.87524,0.08710,0.14764,0.45215
1616,0.87671,0.08539,0.14716,0.44989
1625,0.87756,0.08374,0.14728,0.44843
1635,0.87781,0.08258,0.14764,0.44800
1646,0.87762,0.08185,0.14783,0.44843
1655,0.87726,0.08136,0.14740,0.44940
1664,0.87695,0.08087,0.14642,0.45044
1675,0.87671,0.08008,0.14502,0.45154
1685,0.87665,0.07892,0.14331,0.45239
1696,0.87677,0.07733,0.14124,0.45312
1705,0.87708,0.07526,0.13879,0.45361
1714,0.87750,0.07294,0.13611,0.45398
1725,0.87793,0.07086,0.13330,0.45422
1735,0.87830,0.06927,0.13055,0.45453
1745,0.87854,0.06830,0.12805,0.45502
1755,0.87848,0.06793,0.12610,0.45563
1764,0.87830,0.06818,0.12476,0.45642
1775,0.87787,0.06891,0.12390,0.45734
1784,0.87732,0.07013,0.12329,0.45837
1795,0.87671,0.07166,0.12286,0.45947
1805,0.87598,0.07349,0.12256,0.46057
1816,0.87524,0.07544,0.12213,0.46185
1825,0.87439,0.07733,0.12134,0.46326
1834,0.87360,0.07898,0.12000,0.46484
1845,0.87286,0.08002,0.11835,0.46649
1854,0.87225,0.08038,0.11646,0.46802
1865,0.87183,0.08008,0.11432,0.46936
1875,0.87158,0.07947,0.11194,0.47058
1884,0.87140,0.07861,0.10944,0.47168
1895,0.87115,0.07770,0.10706,0.47278
1904,0.87079,0.07697,0.10498,0.47400
1915,0.87030,0.07648,0.10333,0.47528
1925,0.86975,0.07635,0.10223,0.47656
1934,0.86914,0.07666,0.10150,0.47784
1945,0.86841,0.07721,0.10107,0.47919
1954,0.86761,0.07794,0.10077,0.48053
1965,0.86682,0.07861,0.10059,0.48193
1974,0.86609,0.07898,0.10059,0.48322
1985,0.86536,0.07886,0.10101,0.48438
1995,0.86475,0.07843,0.10193,0.48541
2004,0.86407,0.07794,0.10303,0.48639
2015,0.86353,0.07745,0.10400,0.48724
2024,0.86304,0.07703,0.10455,0.48810
2035,0.86261,0.07660,0.10486,0.48889
2044,0.86212,0.07629,0.10492,0.48969
2055,0.86163,0.07605,0.10486,0.49060
2065,0.86115,0.07587,0.10480,0.49158
2074,0.86066,0.07581,0.10474,0.49243
2085,0.86017,0.07599,0.10486,0.49316
2094,0.85974,0.07629,0.10492,0.49384
2105,0.85931,0.07684,0.10492,0.49451
2115,0.85895,0.07739,0.10492,0.49512
2124,0.85852,0.07800,0.10498,0.49567
2135,0.85822,0.07837,0.10504,0.49622
2144,0.85797,0.07849,0.10516,0.49658
2155,0.85785,0.07843,0.10522,0.49677
2164,0.85785,0.07819,0.10510,0.49683
2174,0.85797,0.07788,0.10468,0.49677
2185,0.85822,0.07764,0.10413,0.49646
2194,0.85870,0.07751,0.10333,0.49585
2205,0.85931,0.07770,0.10248,0.49493
2214,0.86005,0.07819,0.10144,0.49377
2224,0.86090,0.07880,0.10046,0.49237
2235,0.86188,0.07941,0.09973,0.49072
2244,0.86292,0.07977,0.09906,0.48895
2255,0.86414,0.07941,0.09845,0.48694
2264,0.86560,0.07825,0.09821,0.48462
2274,0.86725,0.07666,0.09839,0.48187
2285,0.86914,0.07520,0.09863,0.47864
2294,0.87109,0.07391,0.09888,0.47528
2305,0.87335,0.07281,0.09869,0.47125
2314,0.87598,0.07202,0.09851,0.46655
2324,0.87891,0.07147,0.09833,0.46112
2335,0.88214,0.07117,0.09827,0.45496
2344,0.88593,0.07104,0.09814,0.44757
2355,0.89026,0.07111,0.09796,0.43896
2364,0.89490,0.07135,0.09814,0.42932
2373,0.89996,0.07202,0.09863,0.41846
2384,0.90515,0.07336,0.09949,0.40668
2394,0.91040,0.07513,0.10059,0.39417
2405,0.91559,0.07697,0.10138,0.38129
2414,0.92072,0.07867,0.10193,0.36835
2423,0.92566,0.08014,0.10291,0.35498
2434,0.93054,0.08130,0.10522,0.34100
2444,0.93542,0.08197,0.10895,0.32611
2455,0.94031,0.08130,0.11383,0.31006
2464,0.94501,0.07947,0.12036,0.29333
2475,0.94946,0.07739,0.12769,0.27600
2484,0.95355,0.07513,0.13452,0.25854
2494,0.95758,0.07245,0.13873,0.24170
2505,0.96149,0.06982,0.13965,0.22601
2514,0.96515,0.06689,0.13873,0.21149
2525,0.96838,0.06244,0.13745,0.19836
2534,0.97144,0.05609,0.13611,0.18579
2543,0.97437,0.04828,0.13519,0.17303
2554,0.97705,0.03949,0.13397,0.16046
2564,0.97943,0.03113,0.13239,0.14868
2575,0.98145,0.02496,0.13080,0.13776
2584,0.98303,0.02173,0.12897,0.12811
2593,0.98450,0.02057,0.12598,0.12006
2604,0.98590,0.02020,0.12122,0.11340
2614,0.98724,0.02014,0.11517,0.10773
2625,0.98853,0.02045,0.10834,0.10260
2634,0.98981,0.02094,0.10150,0.09717
2643,0.99103,0.02112,0.09509,0.09125
2654,0.99207,0.02112,0.08972,0.08539
2663,0.99280,0.02087,0.08643,0.07959
2674,0.99335,0.02081,0.08582,0.07379
2684,0.99353,0.02161,0.08765,0.06873
2695,0.99341,0.02362,0.09125,0.06427
2704,0.99316,0.02692,0.09583,0.06006
2713,0.99286,0.03101,0.10052,0.05603
2724,0.99243,0.03516,0.10522,0.05182
2734,0.99207,0.03845,0.10986,0.04724
2745,0.99164,0.04059,0.11462,0.04260
2754,0.99115,0.04181,0.11969,0.03772
2763,0.99060,0.04291,0.12543,0.03229
2774,0.98987,0.04419,0.13177,0.02716
2783,0.98895,0.04541,0.13898,0.02271
2794,0.98798,0.04602,0.14624,0.01862
2804,0.98700,0.04633,0.15283,0.01477
2813,0.98615,0.04669,0.15833,0.01172
2824,0.98547,0.04688,0.16290,0.00916
2833,0.98486,0.04681,0.16663,0.00690
2844,0.98425,0.04681,0.17004,0.00446
2853,0.98358,0.04712,0.17395,0.00317
2864,0.98291,0.04663,0.17798,0.00244
2874,0.98224,0.04614,0.18182,0.00201
2883,0.98163,0.04639,0.18481,0.00146
2894,0.98120,0.04755,0.18695,0.00079
2903,0.98077,0.04901,0.18884,0.00000
2914,0.98029,0.05066,0.19092,-0.00122
2924,0.97968,0.05280,0.19336,-0.00275
2933,0.97906,0.05573,0.19568,-0.00409
2944,0.97858,0.05939,0.19702,-0.00513
2953,0.97833,0.06342,0.19690,-0.00549
2964,0.97839,0.06720,0.19519,-0.00519
2973,0.97882,0.07056,0.19189,-0.00427
2984,0.97961,0.07355,0.18683,-0.00311
2994,0.98065,0.07715,0.17969,-0.00256
3003,0.98193,0.08160,0.17041,-0.00250
3014,0.98328,0.08722,0.15948,-0.00299
3023,0.98456,0.09399,0.14758,-0.00421
3034,0.98553,0.10114,0.13556,-0.00568
3043,0.98627,0.10797,0.12421,-0.00720
3054,0.98688,0.11377,0.11420,-0.00836
3064,0.98724,0.11798,0.10596,-0.00916
3073,0.98749,0.12115,0.10004,-0.00977
3084,0.98755,0.12354,0.09656,-0.00995
3093,0.98743,0.12500,0.09576,-0.00958
3104,0.98724,0.12549,0.09686,-0.00891
3113,0.98712,0.12549,0.09839,-0.00806
3123,0.98706,0.12555,0.09918,-0.00720
3134,0.98700,0.12610,0.09906,-0.00629
3143,0.98694,0.12720,0.09808,-0.00568
3154,0.98682,0.12915,0.09668,-0.00537
3163,0.98657,0.13184,0.09583,-0.00519
3173,0.98621,0.13464,0.09576,-0.00482
3184,0.98578,0.13733,0.09668,-0.00421
3193,0.98517,0.13995,0.09869,-0.00354
3204,0.98456,0.14215,0.10175,-0.00323
3213,0.98389,0.14429,0.10504,-0.00378
3223,0.98334,0.14630,0.10742,-0.00464
3234,0.98297,0.14764,0.10889,-0.00500
3243,0.98285,0.14801,0.10944,-0.00452
3254,0.98297,0.14758,0.10895,-0.00330
3263,0.98328,0.14673,0.10760,-0.00171
3272,0.98364,0.14569,0.10535,-0.00055
3283,0.98413,0.14496,0.10223,-0.00061
3293,0.98450,0.14471,0.09863,-0.00183
3304,0.98474,0.14514,0.09540,-0.00336
3313,0.98486,0.14594,0.09320,-0.00458
3324,0.98474,0.14685,0.09265,-0.00507
3333,0.98462,0.14734,0.09363,-0.00500
3343,0.98431,0.14758,0.09589,-0.00458
3354,0.98407,0.14771,0.09845,-0.00409
3363,0.98389,0.14764,0.10046,-0.00348
3374,0.98383,0.14740,0.10120,-0.00269
3383,0.98395,0.14716,0.10046,-0.00146
3393,0.98419,0.14685,0.09888,-0.00024
3404,0.98438,0.14685,0.09705,0.00055
3413,0.98444,0.14758,0.09528,0.00085
3424,0.98438,0.14893,0.09381,0.00085
3433,0.98419,0.15057,0.09259,0.00116
3442,0.98407,0.15204,0.09167,0.00214
3453,0.98395,0.15302,0.09125,0.00378
3463,0.98383,0.15375,0.09149,0.00574
3474,0.98364,0.15430,0.09210,0.00763
3483,0.98352,0.15485,0.09265,0.00903
3494,0.98334,0.15582,0.09283,0.01019
3503,0.98309,0.15710,0.09271,0.01135
3513,0.98291,0.15845,0.09235,0.01270
3523,0.98273,0.15973,0.09161,0.01453
3533,0.98267,0.16058,0.09070,0.01666
3544,0.98273,0.16077,0.08929,0.01843
3553,0.98291,0.16064,0.08710,0.01959
3562,0.98322,0.16058,0.08411,0.02008
3573,0.98346,0.16071,0.08044,0.02026
3583,0.98376,0.16101,0.07623,0.02051
3594,0.98407,0.16113,0.07123,0.02100
3603,0.98456,0.16107,0.06482,0.02155
3614,0.98511,0.16077,0.05676,0.02173
3623,0.98566,0.16040,0.04712,0.02087
3632,0.98621,0.16003,0.03644,0.01874
3643,0.98663,0.15985,0.02563,0.01532
3653,0.98694,0.15997,0.01532,0.01099
3664,0.98700,0.16022,0.00562,0.00635
3673,0.98700,0.16052,-0.00330,0.00171
3682,0.98688,0.16101,-0.01117,-0.00269
3693,0.98669,0.16132,-0.01794,-0.00653
3703,0.98657,0.16125,-0.02319,-0.01074
3713,0.98633,0.16174,-0.02698,-0.01556
3723,0.98590,0.16302,-0.02960,-0.02087
3732,0.98547,0.16486,-0.03076,-0.02496
3743,0.98511,0.16644,-0.02985,-0.02905
3752,0.98468,0.16852,-0.02832,-0.03333
3763,0.98419,0.17072,-0.02716,-0.03687
3773,0.98383,0.17291,-0.02515,-0.03900
3784,0.98364,0.17383,-0.02216,-0.04083
3793,0.98358,0.17395,-0.01868,-0.04382
3802,0.98358,0.17273,-0.01636,-0.04883
3813,0.98370,0.17047,-0.01617,-0.05450
3822,0.98383,0.16797,-0.01740,-0.05914
3833,0.98358,0.16656,-0.01703,-0.06659
3843,0.98322,0.16510,-0.01807,-0.07471
3854,0.98303,0.16302,-0.02118,-0.08081
3863,0.98328,0.15906,-0.02551,-0.08490
3872,0.98370,0.15436,-0.03003,-0.08704
3883,0.98425,0.15002,-0.03278,-0.08722
3892,0.98480,0.14740,-0.03180,-0.08582
3903,0.98523,0.14661,-0.02618,-0.08380
3913,0.98547,0.14734,-0.01672,-0.08234
3922,0.98541,0.14874,-0.00513,-0.08191
3933,0.98511,0.15027,0.00708,-0.08264
3942,0.98462,0.15155,0.01862,-0.08429
3953,0.98413,0.15234,0.02820,-0.08649
3963,0.98364,0.15253,0.03491,-0.08881
3972,0.98340,0.15216,0.03833,-0.09070
3983,0.98340,0.15125,0.03882,-0.09204
3992,0.98364,0.14978,0.03723,-0.09290
4003,0.98401,0.14752,0.03455,-0.09314
4012,0.98456,0.14447,0.03149,-0.09302
4023,0.98517,0.14130,0.02869,-0.09271
4033,0.98560,0.13867,0.02686,-0.09265
4042,0.98572,0.13733,0.02625,-0.09320
4053,0.98560,0.13757,0.02692,-0.09442
4062,0.98517,0.13910,0.02850,-0.09595
4073,0.98468,0.14117,0.03033,-0.09735
4082,0.98425,0.14331,0.03174,-0.09827
4092,0.98389,0.14514,0.03229,-0.09869
4103,0.98370,0.14648,0.03223,-0.09875
4112,0.98364,0.14734,0.03198,-0.09814
4123,0.98376,0.14734,0.03204,-0.09705
4132,0.98395,0.14661,0.03253,-0.09576
4143,0.98419,0.14569,0.03326,-0.09442
4152,0.98444,0.14490,0.03375,-0.09308
4162,0.98462,0.14417,0.03381,-0.09204
4173,0.98480,0.14374,0.03339,-0.09149
4182,0.98480,0.14374,0.03284,-0.09131
4193,0.98474,0.14417,0.03241,-0.09143
4202,0.98462,0.14508,0.03217,-0.09149
4213,0.98450,0.14606,0.03229,-0.09125
4222,0.98438,0.14691,0.03284,-0.09082
4232,0.98431,0.14746,0.03351,-0.09045
4243,0.98431,0.14746,0.03387,-0.09021
4252,0.98450,0.14673,0.03345,-0.08960
4263,0.98486,0.14551,0.03229,-0.08838
4272,0.98529,0.14404,0.03040,-0.08655
4282,0.98572,0.14264,0.02814,-0.08435
4293,0.98615,0.14154,0.02606,-0.08228
4302,0.98639,0.14093,0.02441,-0.08075
4313,0.98651,0.14081,0.02325,-0.07983
4322,0.98651,0.14111,0.02222,-0.07935
4333,0.98651,0.14166,0.02136,-0.07904
4342,0.98645,0.14240,0.02032,-0.07886
4352,0.98639,0.14313,0.01917,-0.07837
4363,0.98639,0.14386,0.01788,-0.07745
4372,0.98639,0.14447,0.01660,-0.07617
4383,0.98645,0.14508,0.01520,-0.07477
4392,0.98645,0.14575,0.01367,-0.07343
4401,0.98651,0.14642,0.01221,-0.07208
4412,0.98657,0.14685,0.01093,-0.07056
4422,0.98657,0.14722,0.01019,-0.06921
4433,0.98657,0.14777,0.00995,-0.06812
4442,0.98657,0.14850,0.01025,-0.06708
4451,0.98651,0.14929,0.01080,-0.06598
4462,0.98645,0.14996,0.01154,-0.06476
4472,0.98645,0.15045,0.01221,-0.06342
4483,0.98651,0.15076,0.01263,-0.06183
4492,0.98657,0.15094,0.01306,-0.06018
4503,0.98669,0.15100,0.01349,-0.05853
4512,0.98676,0.15106,0.01404,-0.05701
4521,0.98682,0.15118,0.01453,-0.05524
4532,0.98694,0.15118,0.01508,-0.05310
4542,0.98706,0.15112,0.01562,-0.05084
4553,0.98712,0.15112,0.01611,-0.04871
4562,0.98718,0.15125,0.01648,-0.04688
4571,0.98724,0.15149,0.01666,-0.04541
4582,0.98724,0.15179,0.01672,-0.04413
4592,0.98730,0.15222,0.01575,-0.04138
4603,0.98767,0.15131,0.01080,-0.03809
4612,0.98785,0.15088,0.00970,-0.03473
4621,0.98810,0.15009,0.00800,-0.03137
4632,0.98834,0.14905,0.00702,-0.02899
4642,0.98840,0.14899,0.00836,-0.02740
4653,0.98834,0.14929,0.01013,-0.02606
4662,0.98840,0.14935,0.01117,-0.02460
4671,0.98840,0.14923,0.01172,-0.02301
4683,0.98853,0.14893,0.01141,-0.02161
4692,0.98859,0.14850,0.01031,-0.02039
4701,0.98871,0.14825,0.00897,-0.01898
4712,0.98877,0.14789,0.00775,-0.01752
4722,0.98883,0.14758,0.00702,-0.01630
4733,0.98889,0.14752,0.00702,-0.01544
4742,0.98889,0.14734,0.00769,-0.01416
4751,0.98889,0.14758,0.00897,-0.01208
4762,0.98871,0.14868,0.01196,-0.01129
4772,0.98853,0.14996,0.01337,-0.01050
4781,0.98840,0.15070,0.01331,-0.00977
4792,0.98834,0.15118,0.01270,-0.00946
4801,0.98828,0.15173,0.01208,-0.00909
4812,0.98828,0.15179,0.01196,-0.00885
4822,0.98828,0.15149,0.01196,-0.00885
4831,0.98834,0.15106,0.01239,-0.00916
4842,0.98840,0.15070,0.01312,-0.00977
4851,0.98846,0.15027,0.01385,-0.01068
4862,0.98846,0.15002,0.01434,-0.01202
4871,0.98846,0.14984,0.01428,-0.01373
4882,0.98846,0.14978,0.01367,-0.01593
4892,0.98840,0.15002,0.01288,-0.01825
4901,0.98834,0.15015,0.01245,-0.02051
4912,0.98834,0.14972,0.01245,-0.02289
4921,0.98853,0.14813,0.01306,-0.02563
4932,0.98883,0.14514,0.01404,-0.02911
4942,0.98938,0.14032,0.01483,-0.03455
4951,0.99017,0.13196,0.01624,-0.04315
4962,0.99091,0.12201,0.01605,-0.05341
4971,0.99158,0.11163,0.01447,-0.06390
4982,0.99194,0.10156,0.01245,-0.07391
4991,0.99225,0.09180,0.01056,-0.08258
5002,0.99243,0.08240,0.00970,-0.09033
5012,0.99243,0.07397,0.01044,-0.09735
5021,0.99219,0.06671,0.01300,-0.10425
5032,0.99158,0.06116,0.01801,-0.11224
5041,0.99042,0.05768,0.02454,-0.12268
5052,0.98859,0.05670,0.03137,-0.13580
5061,0.98608,0.05865,0.03674,-0.15076
5071,0.98322,0.06378,0.03937,-0.16626
5082,0.97986,0.07129,0.03931,-0.18207
5091,0.97638,0.07935,0.03656,-0.19757
5102,0.97290,0.08618,0.03241,-0.21210
5111,0.96936,0.09064,0.02838,-0.22644
5122,0.96564,0.09296,0.02533,-0.24127
5131,0.96155,0.09338,0.02356,-0.25714
5141,0.95685,0.09125,0.02332,-0.27478
5152,0.95172,0.08655,0.02380,-0.29352
5161,0.94647,0.08020,0.02356,-0.31165
5172,0.94153,0.07294,0.02258,-0.32800
5181,0.93695,0.06598,0.02191,-0.34241
5192,0.93280,0.06055,0.02283,-0.35449
5201,0.92834,0.05798,0.02924,-0.36591
5211,0.92352,0.05688,0.03760,-0.37738
5222,0.91833,0.05743,0.04602,-0.38892
5231,0.91296,0.05920,0.05334,-0.40015
5242,0.90765,0.06110,0.05841,-0.41101
5251,0.90265,0.06189,0.06049,-0.42157
5262,0.89825,0.06104,0.05920,-0.43115
5271,0.89392,0.05853,0.05450,-0.44104
5281,0.88953,0.05377,0.04724,-0.45117
5292,0.88513,0.04712,0.03748,-0.46143
5301,0.88092,0.03949,0.02631,-0.47083
5312,0.87720,0.03290,0.01721,-0.47864
5321,0.87402,0.02881,0.01221,-0.48480
5330,0.87164,0.02704,0.01044,-0.48932
5341,0.87006,0.02692,0.00970,-0.49207
5351,0.86938,0.02753,0.00879,-0.49323
5362,0.86963,0.02795,0.00708,-0.49286
5371,0.87054,0.02789,0.00647,-0.49127
5382,0.87109,0.02747,0.00922,-0.49023
5391,0.87042,0.02722,0.01630,-0.49127
5400,0.86877,0.02753,0.02673,-0.49371
5411,0.86700,0.02783,0.03845,-0.49597
5421,0.86548,0.02734,0.04926,-0.49768
5432,0.86414,0.02643,0.05786,-0.49921
5441,0.86304,0.02606,0.06348,-0.50043
5452,0.86273,0.02698,0.06592,-0.50061
5461,0.86316,0.02887,0.06537,-0.49982
5470,0.86401,0.03082,0.06232,-0.49866
5481,0.86475,0.03235,0.05786,-0.49774
5491,0.86542,0.03333,0.05280,-0.49713
5502,0.86597,0.03412,0.04779,-0.49658
5511,0.86615,0.03497,0.04340,-0.49664
5520,0.86566,0.03619,0.03973,-0.49768
5531,0.86475,0.03790,0.03705,-0.49939
5541,0.86346,0.03973,0.03552,-0.50153
5552,0.86261,0.04120,0.03485,-0.50299
5561,0.86206,0.04199,0.03430,-0.50385
5570,0.86157,0.04272,0.03375,-0.50464
5581,0.86096,0.04395,0.03326,-0.50568
5591,0.85999,0.04541,0.03339,-0.50714
5602,0.85889,0.04694,0.03339,-0.50891
5611,0.85785,0.04852,0.03296,-0.51050
5620,0.85706,0.04987,0.03180,-0.51184
5631,0.85651,0.05096,0.02985,-0.51276
5640,0.85608,0.05176,0.02740,-0.51343
5651,0.85577,0.05237,0.02466,-0.51410
5661,0.85559,0.05310,0.02191,-0.51440
5672,0.85571,0.05377,0.01917,-0.51422
5681,0.85602,0.05469,0.01642,-0.51373
5690,0.85645,0.05597,0.01373,-0.51300
5701,0.85767,0.05676,0.01117,-0.51086
5710,0.85944,0.05499,0.00763,-0.50824
5721,0.86053,0.05164,0.00598,-0.50671
5731,0.86115,0.05005,0.00629,-0.50586
5742,0.86176,0.05048,0.00775,-0.50476
5751,0.86243,0.05109,0.00928,-0.50348
5760,0.86304,0.05109,0.01013,-0.50244
5771,0.86322,0.05060,0.01068,-0.50208
5780,0.86334,0.05023,0.01190,-0.50195
5791,0.86346,0.04913,0.01422,-0.50183
5801,0.86328,0.04834,0.01611,-0.50208
5810,0.86353,0.04816,0.01691,-0.50171
5821,0.86407,0.04810,0.01642,-0.50079
5830,0.86469,0.04803,0.01514,-0.49982
5841,0.86517,0.04846,0.01367,-0.49884
5850,0.86542,0.04895,0.01251,-0.49847
5861,0.86505,0.04944,0.01227,-0.49908
5871,0.86389,0.04974,0.01324,-0.50098
5880,0.86200,0.04974,0.01544,-0.50415
5891,0.85931,0.04980,0.01825,-0.50867
5900,0.85596,0.05072,0.02100,-0.51404
5911,0.85236,0.05249,0.02332,-0.51978
5921,0.84894,0.05432,0.02502,-0.52509
5930,0.84564,0.05573,0.02588,-0.53021
5941,0.84247,0.05664,0.02643,-0.53510
5950,0.83966,0.05719,0.02686,-0.53937
5961,0.83704,0.05756,0.02783,-0.54340
5970,0.83441,0.05841,0.02924,-0.54724
5981,0.83185,0.05951,0.03125,-0.55090
5990,0.82965,0.06055,0.03424,-0.55396
6000,0.82800,0.06146,0.03821,-0.55597
6011,0.82709,0.06238,0.04218,-0.55701
6020,0.82678,0.06311,0.04510,-0.55713
6031,0.82684,0.06378,0.04663,-0.55682
6040,0.82715,0.06451,0.04712,-0.55621
6051,0.82758,0.06506,0.04675,-0.55554
6061,0.82812,0.06573,0.04565,-0.55481
6070,0.82831,0.06665,0.04425,-0.55457
6081,0.82788,0.06793,0.04327,-0.55511
6090,0.82690,0.06903,0.04333,-0.55640
6101,0.82581,0.06964,0.04437,-0.55786
6110,0.82471,0.06958,0.04645,-0.55933
6120,0.82373,0.06995,0.04938,-0.56049
6131,0.82294,0.07129,0.05273,-0.56110
6140,0.82251,0.07355,0.05597,-0.56122
6151,0.82227,0.07648,0.05914,-0.56079
6160,0.82227,0.07977,0.06201,-0.56006
6171,0.82245,0.08319,0.06439,-0.55896
6180,0.82281,0.08673,0.06641,-0.55768
6190,0.82318,0.09021,0.06812,-0.55634
6201,0.82361,0.09332,0.06970,-0.55505
6210,0.82404,0.09583,0.07098,-0.55383
6221,0.82452,0.09766,0.07166,-0.55267
6230,0.82526,0.09875,0.07172,-0.55139
6239,0.82611,0.09918,0.07098,-0.55011
6250,0.82721,0.09918,0.06964,-0.54865
6260,0.82843,0.09851,0.06824,-0.54712
6271,0.82965,0.09711,0.06714,-0.54565
6280,0.83093,0.09509,0.06641,-0.54413
6291,0.83215,0.09259,0.06610,-0.54266
6300,0.83331,0.08997,0.06598,-0.54138
6309,0.83435,0.08789,0.06549,-0.54016
6321,0.83533,0.08661,0.06488,-0.53894
6330,0.83624,0.08624,0.06433,-0.53772
6339,0.83704,0.08655,0.06354,-0.53650
6350,0.83783,0.08710,0.06262,-0.53522
6360,0.83875,0.08783,0.06177,-0.53381
6370,0.83966,0.08862,0.06104,-0.53229
6380,0.84058,0.08893,0.06024,-0.53094
6391,0.84131,0.08899,0.05939,-0.52979
6400,0.84192,0.08887,0.05859,-0.52899
6411,0.84229,0.08832,0.05780,-0.52856
6420,0.84253,0.08740,0.05713,-0.52838
6430,0.84271,0.08612,0.05627,-0.52838
6441,0.84290,0.08459,0.05511,-0.52844
6450,0.84320,0.08319,0.05365,-0.52844
6461,0.84344,0.08215,0.05194,-0.52832
6470,0.84375,0.08148,0.05023,-0.52814
6480,0.84399,0.08130,0.04871,-0.52789
6490,0.84430,0.08142,0.04755,-0.52747
6500,0.84467,0.08179,0.04694,-0.52692
6511,0.84491,0.08228,0.04669,-0.52643
6520,0.84515,0.08264,0.04669,-0.52594
6529,0.84540,0.08270,0.04657,-0.52563
6540,0.84564,0.08228,0.04614,-0.52533
6549,0.84576,0.08160,0.04541,-0.52527
6560,0.84589,0.08063,0.04437,-0.52539
6570,0.84589,0.07971,0.04297,-0.52563
6579,0.84583,0.07904,0.04126,-0.52600
6591,0.84570,0.07867,0.03943,-0.52637
6600,0.84558,0.07855,0.03760,-0.52667
6609,0.84552,0.07837,0.03607,-0.52692
6621,0.84558,0.07825,0.03503,-0.52692
6630,0.84583,0.07819,0.03473,-0.52655
6639,0.84613,0.07812,0.03485,-0.52600
6650,0.84662,0.07806,0.03497,-0.52533
6660,0.84711,0.07800,0.03503,-0.52454
6669,0.84760,0.07800,0.03473,-0.52368
6680,0.84808,0.07806,0.03424,-0.52289
6690,0.84863,0.07831,0.03357,-0.52203
6699,0.84912,0.07861,0.03284,-0.52130
6710,0.84930,0.07898,0.03186,-0.52094
6720,0.84937,0.07941,0.03064,-0.52087
6729,0.84930,0.08002,0.02924,-0.52094
6741,0.84937,0.08093,0.02802,-0.52081
6750,0.84961,0.08209,0.02734,-0.52026
6760,0.85010,0.08344,0.02722,-0.51923
6771,0.85071,0.08484,0.02747,-0.51794
6780,0.85144,0.08612,0.02783,-0.51654
6790,0.85223,0.08734,0.02820,-0.51501
6800,0.85303,0.08844,0.02838,-0.51349
6810,0.85388,0.08929,0.02832,-0.51196
6820,0.85455,0.08978,0.02783,-0.51074
6829,0.85510,0.09003,0.02692,-0.50983
6840,0.85541,0.08997,0.02576,-0.50940
6850,0.85559,0.08972,0.02441,-0.50922
6860,0.85577,0.08948,0.02307,-0.50897
6870,0.85608,0.08929,0.02203,-0.50854
6880,0.85669,0.08923,0.02142,-0.50757
6889,0.85742,0.08942,0.02112,-0.50629
6900,0.85809,0.08997,0.02063,-0.50519
6910,0.85858,0.09076,0.02002,-0.50409
6919,0.85901,0.09186,0.01941,-0.50323
6930,0.85925,0.09308,0.01892,-0.50262
6940,0.85931,0.09454,0.01843,-0.50220
6949,0.85919,0.09644,0.01794,-0.50208
6959,0.85870,0.09888,0.01746,-0.50256
6970,0.85773,0.10175,0.01697,-0.50366
6980,0.85632,0.10486,0.01642,-0.50537
6989,0.85474,0.10797,0.01611,-0.50739
7000,0.85315,0.11127,0.01605,-0.50940
7010,0.85175,0.11469,0.01630,-0.51093
7019,0.85065,0.11774,0.01672,-0.51202
7029,0.84979,0.11969,0.01715,-0.51306
7040,0.84906,0.12048,0.01733,-0.51404
7049,0.84833,0.12042,0.01709,-0.51526
7059,0.84747,0.11975,0.01624,-0.51685
7070,0.84662,0.11847,0.01508,-0.51855
7079,0.84613,0.11725,0.01508,-0.51965
7089,0.84576,0.11633,0.01648,-0.52039
7100,0.84515,0.11609,0.01758,-0.52148
7109,0.84442,0.11621,0.01758,-0.52258
7119,0.84393,0.11633,0.01666,-0.52338
7130,0.84369,0.11603,0.01526,-0.52393
7139,0.84344,0.11505,0.01379,-0.52460
7149,0.84290,0.11377,0.01215,-0.52576
7160,0.84204,0.11230,0.01038,-0.52753
7169,0.84082,0.11066,0.00842,-0.52985
7179,0.83923,0.10889,0.00623,-0.53265
7189,0.83746,0.10706,0.00403,-0.53589
7200,0.83539,0.10559,0.00208,-0.53937
7209,0.83319,0.10437,0.00049,-0.54303
7220,0.83075,0.10327,-0.00061,-0.54694
7230,0.82788,0.10193,-0.00128,-0.55157
7239,0.82422,0.10028,-0.00220,-0.55731
7250,0.81982,0.09833,-0.00378,-0.56409
7259,0.81476,0.09625,-0.00580,-0.57178
7269,0.80896,0.09460,-0.00824,-0.58014
7280,0.80261,0.09351,-0.01111,-0.58899
7289,0.79553,0.09247,-0.01416,-0.59863
7299,0.78772,0.09137,-0.01764,-0.60895
7310,0.77936,0.09021,-0.02148,-0.61969
7319,0.77032,0.08972,-0.02509,-0.63080
7329,0.76038,0.08984,-0.02759,-0.64258
7340,0.74969,0.09021,-0.02850,-0.65497
7350,0.73785,0.09015,-0.02710,-0.66833
7359,0.72437,0.08966,-0.02325,-0.68317
7369,0.70837,0.08844,-0.01697,-0.70007
7380,0.69092,0.08563,-0.00867,-0.71777
7389,0.67316,0.08081,0.00031,-0.73505
7399,0.65540,0.07507,0.00824,-0.75146
7409,0.63867,0.06909,0.01318,-0.76624
7419,0.62415,0.06335,0.01331,-0.77863
7429,0.61047,0.05896,0.01001,-0.78979
7440,0.59601,0.05579,0.00513,-0.80103
7449,0.58032,0.05353,0.00012,-0.81262
7459,0.56396,0.05225,-0.00397,-0.82416
7470,0.54730,0.05231,-0.00616,-0.83533
7479,0.53107,0.05371,-0.00696,-0.84558
7489,0.51654,0.05750,-0.00586,-0.85431
7498,0.50403,0.06445,-0.00250,-0.86127
7509,0.49341,0.07361,0.00183,-0.86670
7519,0.48462,0.08301,0.00537,-0.87079
7528,0.47705,0.09076,0.00732,-0.87415
7539,0.47040,0.09644,0.00775,-0.87714
7549,0.46417,0.10052,0.00739,-0.88000
7558,0.45825,0.10376,0.00726,-0.88275
7569,0.45251,0.10718,0.00763,-0.88531
7579,0.44714,0.11121,0.00854,-0.88751
7588,0.44220,0.11603,0.01013,-0.88934
7599,0.43744,0.12109,0.01239,-0.89099
7609,0.43298,0.12592,0.01501,-0.89246
7619,0.42926,0.13000,0.01788,-0.89362
7628,0.42633,0.13293,0.02045,-0.89453
7639,0.42432,0.13489,0.02234,-0.89514
7649,0.42328,0.13641,0.02344,-0.89539
7659,0.42273,0.13794,0.02380,-0.89539
7668,0.42236,0.13989,0.02386,-0.89526
7679,0.42181,0.14185,0.02380,-0.89520
7689,0.42114,0.14355,0.02350,-0.89526
7699,0.42053,0.14453,0.02307,-0.89539
7709,0.42010,0.14435,0.02289,-0.89563
7719,0.41980,0.14301,0.02338,-0.89600
7728,0.41986,0.14062,0.02460,-0.89630
7738,0.42029,0.13770,0.02631,-0.89655
7749,0.42126,0.13470,0.02802,-0.89642
7759,0.42279,0.13190,0.02899,-0.89612
7768,0.42450,0.12964,0.02911,-0.89563
7779,0.42615,0.12811,0.02826,-0.89508
7789,0.42749,0.12720,0.02679,-0.89465
7798,0.42847,0.12640,0.02509,-0.89435
7809,0.42932,0.12531,0.02362,-0.89410
7819,0.43024,0.12354,0.02240,-0.89398
7828,0.43140,0.12122,0.02161,-0.89374
7839,0.43304,0.11902,0.02112,-0.89325
7849,0.43494,0.11725,0.02087,-0.89258
7858,0.43689,0.11591,0.02081,-0.89178
7868,0.43866,0.11493,0.02081,-0.89105
7879,0.43994,0.11420,0.02057,-0.89050
7888,0.44116,0.11346,0.01984,-0.89001
7898,0.44226,0.11316,0.01886,-0.88953
7909,0.44324,0.11340,0.01740,-0.88904
7919,0.44360,0.11462,0.01526,-0.88873
7928,0.44348,0.11713,0.01190,-0.88855
7939,0.44342,0.12054,0.00745,-0.88812
7949,0.44391,0.12427,0.00275,-0.88745
7958,0.44501,0.12732,-0.00122,-0.88647
7968,0.44641,0.12970,-0.00372,-0.88538
7979,0.44800,0.13306,-0.00470,-0.88409
7989,0.44995,0.13782,-0.00354,-0.88232
7998,0.45190,0.14362,-0.00043,-0.88043
8008,0.45361,0.14954,0.00421,-0.87854
8019,0.45508,0.15460,0.00916,-0.87689
8028,0.45624,0.15857,0.01373,-0.87555
8038,0.45728,0.16132,0.01746,-0.87439
8049,0.45819,0.16321,0.02014,-0.87354
8059,0.45905,0.16425,0.02136,-0.87286
8068,0.45990,0.16437,0.02106,-0.87238
8078,0.46112,0.16364,0.01953,-0.87189
8089,0.46271,0.16205,0.01752,-0.87140
8098,0.46460,0.15979,0.01508,-0.87091
8108,0.46661,0.15686,0.01227,-0.87036
8118,0.46887,0.15356,0.00928,-0.86975
8129,0.47125,0.15033,0.00623,-0.86908
8138,0.47363,0.14758,0.00311,-0.86829
8148,0.47614,0.14520,-0.00018,-0.86731
8158,0.47876,0.14307,-0.00360,-0.86621
8169,0.48138,0.14087,-0.00708,-0.86511
8178,0.48395,0.13824,-0.01099,-0.86401
8188,0.48645,0.13507,-0.01520,-0.86310
8199,0.48901,0.13135,-0.01941,-0.86212
8208,0.49158,0.12659,-0.02301,-0.86127
8218,0.49420,0.12048,-0.02582,-0.86053
8229,0.49677,0.11267,-0.02808,-0.86011
8238,0.49902,0.10321,-0.03064,-0.85986
8247,0.50098,0.09283,-0.03387,-0.85980
8259,0.50232,0.08295,-0.03741,-0.85992
8268,0.50281,0.07520,-0.04083,-0.86017
8278,0.50275,0.07025,-0.04321,-0.86047
8288,0.50256,0.06781,-0.04382,-0.86078
8299,0.50269,0.06750,-0.04242,-0.86078
8308,0.50348,0.06848,-0.03931,-0.86041
8318,0.50488,0.07050,-0.03534,-0.85962
8329,0.50641,0.07373,-0.03131,-0.85858
8338,0.50739,0.07782,-0.02808,-0.85773
8348,0.50751,0.08173,-0.02643,-0.85736
8359,0.50684,0.08496,-0.02667,-0.85742
8369,0.50586,0.08710,-0.02808,-0.85779
8378,0.50494,0.08789,-0.02991,-0.85815
8388,0.50433,0.08789,-0.03180,-0.85846
8399,0.50397,0.08777,-0.03381,-0.85858
8408,0.50403,0.08813,-0.03601,-0.85846
8418,0.50452,0.08881,-0.03833,-0.85797
8429,0.50531,0.08984,-0.04047,-0.85730
8438,0.50604,0.09100,-0.04224,-0.85663
8448,0.50659,0.09210,-0.04364,-0.85614
8457,0.50671,0.09283,-0.04504,-0.85596
8468,0.50665,0.09314,-0.04651,-0.85583
8478,0.50647,0.09314,-0.04791,-0.85590
8487,0.50629,0.09302,-0.04926,-0.85596
8499,0.50610,0.09265,-0.05054,-0.85602
8508,0.50616,0.09235,-0.05182,-0.85590
8518,0.50653,0.09210,-0.05304,-0.85565
8527,0.50714,0.09198,-0.05408,-0.85522
8539,0.50800,0.09204,-0.05481,-0.85468
8548,0.50885,0.09247,-0.05536,-0.85406
8557,0.50970,0.09320,-0.05573,-0.85345
8568,0.51038,0.09424,-0.05585,-0.85297
8578,0.51099,0.09546,-0.05591,-0.85248
8587,0.51154,0.09656,-0.05591,-0.85199
8598,0.51221,0.09747,-0.05560,-0.85150
8608,0.51282,0.09802,-0.05518,-0.85107
8618,0.51337,0.09814,-0.05469,-0.85077
8627,0.51373,0.09790,-0.05420,-0.85065
8638,0.51392,0.09753,-0.05389,-0.85059
8648,0.51404,0.09711,-0.05396,-0.85059
8659,0.51410,0.09656,-0.05432,-0.85052
8668,0.51428,0.09607,-0.05481,-0.85046
8678,0.51447,0.09570,-0.05554,-0.85034
8687,0.51477,0.09570,-0.05634,-0.85010
8699,0.51526,0.09589,-0.05719,-0.84973
8708,0.51593,0.09601,-0.05798,-0.84930
8717,0.51666,0.09595,-0.05890,-0.84882
8727,0.51733,0.09558,-0.05969,-0.84833
8738,0.51801,0.09515,-0.06042,-0.84796
8747,0.51855,0.09479,-0.06091,-0.84760
8757,0.51910,0.09442,-0.06122,-0.84729
8768,0.51965,0.09424,-0.06128,-0.84698
8777,0.52008,0.09424,-0.06116,-0.84668
8788,0.52051,0.09460,-0.06097,-0.84644
8798,0.52100,0.09515,-0.06079,-0.84607
8808,0.52148,0.09576,-0.06061,-0.84570
8817,0.52203,0.09637,-0.06055,-0.84528
8828,0.52264,0.09692,-0.06067,-0.84485
8838,0.52332,0.09729,-0.06085,-0.84436
8847,0.52393,0.09747,-0.06110,-0.84399
8858,0.52448,0.09753,-0.06134,-0.84363
8868,0.52490,0.09753,-0.06171,-0.84332
8877,0.52533,0.09747,-0.06201,-0.84302
8888,0.52582,0.09729,-0.06226,-0.84271
8898,0.52643,0.09711,-0.06244,-0.84235
8907,0.52710,0.09692,-0.06238,-0.84198
8918,0.52777,0.09656,-0.06201,-0.84161
8928,0.52826,0.09583,-0.06158,-0.84143
8937,0.52856,0.09540,-0.06104,-0.84131
8947,0.52881,0.09546,-0.06024,-0.84119
8958,0.52905,0.09564,-0.05951,-0.84106
8967,0.52942,0.09576,-0.05878,-0.84088
8977,0.52979,0.09558,-0.05823,-0.84076
8988,0.53015,0.09534,-0.05786,-0.84052
8997,0.53064,0.09503,-0.05780,-0.84027
9008,0.53113,0.09473,-0.05792,-0.84003
9018,0.53162,0.09454,-0.05829,-0.83966
9027,0.53217,0.09467,-0.05878,-0.83929
9037,0.53265,0.09491,-0.05939,-0.83893
9048,0.53314,0.09521,-0.06018,-0.83850
9058,0.53369,0.09534,-0.06110,-0.83807
9067,0.53418,0.09521,-0.06213,-0.83771
9078,0.53448,0.09497,-0.06305,-0.83746
9088,0.53461,0.09473,-0.06409,-0.83734
9097,0.53461,0.09442,-0.06506,-0.83728
9107,0.53461,0.09406,-0.06586,-0.83728
9118,0.53473,0.09357,-0.06647,-0.83722
9127,0.53497,0.09314,-0.06671,-0.83710
9137,0.53534,0.09271,-0.06671,-0.83685
9148,0.53577,0.09235,-0.06659,-0.83667
9157,0.53625,0.09204,-0.06665,-0.83636
9168,0.53656,0.09186,-0.06702,-0.83618
9177,0.53680,0.09161,-0.06775,-0.83600
9187,0.53693,0.09137,-0.06885,-0.83582
9198,0.53705,0.09100,-0.07025,-0.83569
9207,0.53711,0.09039,-0.07178,-0.83557
9217,0.53729,0.08984,-0.07300,-0.83545
9228,0.53760,0.08936,-0.07391,-0.83521
9237,0.53815,0.08899,-0.07471,-0.83478
9247,0.53888,0.08832,-0.07550,-0.83435
9258,0.53967,0.08765,-0.07629,-0.83380
9267,0.54047,0.08716,-0.07709,-0.83325
9277,0.54120,0.08685,-0.07776,-0.83276
9288,0.54181,0.08667,-0.07825,-0.83234
9297,0.54236,0.08649,-0.07849,-0.83203
9307,0.54285,0.08630,-0.07861,-0.83167
9318,0.54340,0.08612,-0.07867,-0.83136
9327,0.54401,0.08600,-0.07855,-0.83093
9337,0.54468,0.08612,-0.07831,-0.83051
9348,0.54535,0.08636,-0.07812,-0.83008
9357,0.54608,0.08655,-0.07770,-0.82965
9367,0.54688,0.08691,-0.07715,-0.82910
9378,0.54767,0.08740,-0.07654,-0.82861
9387,0.54852,0.08789,-0.07599,-0.82806
9396,0.54932,0.08820,-0.07562,-0.82751
9408,0.55011,0.08826,-0.07550,-0.82697
9417,0.55084,0.08820,-0.07574,-0.82648
9426,0.55151,0.08807,-0.07617,-0.82599
9437,0.55219,0.08789,-0.07660,-0.82556
9447,0.55280,0.08759,-0.07684,-0.82513
9456,0.55334,0.08734,-0.07690,-0.82483
9467,0.55383,0.08704,-0.07678,-0.82452
9477,0.55420,0.08673,-0.07660,-0.82434
9486,0.55444,0.08649,-0.07654,-0.82416
9496,0.55457,0.08624,-0.07666,-0.82410
9507,0.55463,0.08606,-0.07709,-0.82410
9517,0.55444,0.08588,-0.07764,-0.82416
9526,0.55408,0.08600,-0.07825,-0.82434
9537,0.55341,0.08624,-0.07892,-0.82471
9547,0.55243,0.08685,-0.07953,-0.82520
9556,0.55115,0.08777,-0.08002,-0.82593
9567,0.54962,0.08905,-0.08038,-0.82672
9577,0.54785,0.09064,-0.08032,-0.82776
9586,0.54565,0.09259,-0.08002,-0.82904
9598,0.54327,0.09497,-0.07947,-0.83038
9607,0.54065,0.09784,-0.07874,-0.83185
9617,0.53778,0.10120,-0.07794,-0.83337
9626,0.53418,0.10455,-0.07697,-0.83539
9637,0.52948,0.10754,-0.07556,-0.83807
9647,0.52332,0.11023,-0.07391,-0.84180
9658,0.51508,0.11267,-0.07245,-0.84662
9667,0.50476,0.11475,-0.07153,-0.85260
9676,0.49292,0.11688,-0.07159,-0.85919
9687,0.47998,0.12012,-0.07263,-0.86597
9696,0.46594,0.12506,-0.07458,-0.87274
9707,0.44934,0.13135,-0.07635,-0.88037
9717,0.43042,0.13654,-0.07867,-0.88879
9728,0.41321,0.13959,-0.08069,-0.89624
9737,0.39838,0.14062,-0.08014,-0.90283
9746,0.38397,0.14001,-0.07739,-0.90942
9757,0.36804,0.13733,-0.07471,-0.91656
9767,0.35089,0.13361,-0.07336,-0.92395
9776,0.33295,0.12933,-0.07227,-0.93127
9787,0.31348,0.12616,-0.07025,-0.93860
9797,0.29224,0.12396,-0.06921,-0.94574
9806,0.27240,0.12238,-0.06830,-0.95197
9817,0.25549,0.12415,-0.06537,-0.95660
9827,0.23962,0.12897,-0.06024,-0.96039
9836,0.22266,0.13446,-0.05463,-0.96405
9846,0.20428,0.14069,-0.04938,-0.96753
9857,0.18555,0.14795,-0.04462,-0.97046
9867,0.16693,0.15698,-0.04059,-0.97260
9876,0.14917,0.16760,-0.03760,-0.97382
9887,0.13208,0.17865,-0.03571,-0.97437
9897,0.11475,0.18860,-0.03503,-0.97473
9906,0.09528,0.19727,-0.03430,-0.97510
9916,0.07391,0.20428,-0.03284,-0.97559
9927,0.05237,0.20856,-0.03101,-0.97614
9937,0.03131,0.20978,-0.02863,-0.97687
9946,0.00977,0.21039,-0.02478,-0.97729
9957,-0.01251,0.21222,-0.02057,-0.97693
9967,-0.03485,0.21472,-0.01666,-0.97595
9976,-0.05756,0.21716,-0.01355,-0.97437
9987,-0.07849,0.21960,-0.01276,-0.97235
9997,-0.09644,0.22156,-0.01453,-0.97028
10006,-0.11102,0.22333,-0.01886,-0.96826
10016,-0.12109,0.22528,-0.02502,-0.96643
10027,-0.12598,0.22778,-0.03131,-0.96503
10036,-0.12695,0.23108,-0.03546,-0.96399
10046,-0.12476,0.23480,-0.03705,-0.96332
10057,-0.12024,0.23810,-0.03632,-0.96313
10066,-0.11395,0.23981,-0.03448,-0.96350
10076,-0.10754,0.23987,-0.03314,-0.96429
10087,-0.10175,0.24017,-0.03198,-0.96484
10097,-0.09576,0.24042,-0.03186,-0.96545
10106,-0.08972,0.24048,-0.03241,-0.96600
10117,-0.08429,0.24017,-0.03363,-0.96649
10126,-0.07983,0.23950,-0.03540,-0.96698
10136,-0.07654,0.23865,-0.03717,-0.96741
10147,-0.07471,0.23755,-0.03839,-0.96777
10156,-0.07452,0.23621,-0.03894,-0.96808
10166,-0.07599,0.23450,-0.03845,-0.96838
10177,-0.07874,0.23315,-0.03729,-0.96857
10186,-0.08099,0.23206,-0.03674,-0.96863
10196,-0.08215,0.23090,-0.03674,-0.96887
10207,-0.08252,0.22955,-0.03680,-0.96912
10217,-0.08215,0.22827,-0.03693,-0.96948
10226,-0.08075,0.22626,-0.03699,-0.97003
10236,-0.07874,0.22314,-0.03656,-0.97095
10247,-0.07599,0.21899,-0.03564,-0.97211
10256,-0.07257,0.21417,-0.03461,-0.97351
10266,-0.06891,0.20941,-0.03363,-0.97485
10277,-0.06549,0.20514,-0.03278,-0.97601
10287,-0.06262,0.20190,-0.03198,-0.97693
10296,-0.06049,0.19965,-0.03143,-0.97754
10305,-0.05902,0.19794,-0.03088,-0.97797
10316,-0.05774,0.19666,-0.03064,-0.97833
10326,-0.05634,0.19550,-0.03046,-0.97864
10335,-0.05463,0.19446,-0.03003,-0.97894
10346,-0.05267,0.19330,-0.02930,-0.97931
10356,-0.05048,0.19189,-0.02850,-0.97974
10366,-0.04822,0.18994,-0.02759,-0.98022
10377,-0.04608,0.18750,-0.02679,-0.98083
10386,-0.04419,0.18494,-0.02612,-0.98145
10396,-0.04248,0.18256,-0.02545,-0.98199
10406,-0.04120,0.18036,-0.02484,-0.98248
10416,-0.03979,0.17865,-0.02484,-0.98285
10426,-0.03796,0.17706,-0.02563,-0.98315
10435,-0.03607,0.17511,-0.02673,-0.98358
10447,-0.03424,0.17291,-0.02814,-0.98395
10456,-0.03247,0.17078,-0.02979,-0.98438
10465,-0.03027,0.16888,-0.03174,-0.98468
10476,-0.02777,0.16693,-0.03369,-0.98505
10486,-0.02533,0.16473,-0.03552,-0.98541
10496,-0.02325,0.16211,-0.03735,-0.98584
10507,-0.02161,0.15894,-0.03906,-0.98633
10516,-0.02008,0.15533,-0.04047,-0.98688
10526,-0.01843,0.15161,-0.04156,-0.98743
10535,-0.01648,0.14771,-0.04242,-0.98804
10546,-0.01379,0.14392,-0.04297,-0.98859
10556,-0.01044,0.14044,-0.04340,-0.98914
10565,-0.00690,0.13727,-0.04358,-0.98956
10576,-0.00372,0.13391,-0.04376,-0.99005
10586,-0.00104,0.12988,-0.04413,-0.99060
10595,0.00134,0.12494,-0.04474,-0.99121
10606,0.00360,0.11896,-0.04547,-0.99188
10616,0.00562,0.11230,-0.04675,-0.99261
10625,0.00751,0.10541,-0.04852,-0.99323
10636,0.00946,0.09802,-0.04993,-0.99390
10645,0.01184,0.09058,-0.05084,-0.99457
10656,0.01434,0.08392,-0.05194,-0.99506
10666,0.01581,0.07812,-0.05359,-0.99542
10675,0.01575,0.07227,-0.05591,-0.99573
10686,0.01404,0.06641,-0.05841,-0.99603
10695,0.01050,0.06049,-0.05994,-0.99634
10706,0.00494,0.05389,-0.05847,-0.99683
10716,-0.00165,0.04791,-0.05225,-0.99750
10725,-0.00848,0.04547,-0.04126,-0.99811
10736,-0.01447,0.04938,-0.02582,-0.99835
10745,-0.01874,0.06036,-0.00769,-0.99799
10756,-0.02069,0.07715,0.01013,-0.99677
10766,-0.02039,0.09680,0.02429,-0.99481
10775,-0.01660,0.11688,0.03186,-0.99249
10786,-0.00928,0.13666,0.03278,-0.99005
10795,0.00067,0.15479,0.02753,-0.98761
10806,0.01172,0.16821,0.01648,-0.98553
10816,0.02118,0.17529,0.00269,-0.98431
10825,0.02954,0.17450,-0.01166,-0.98419
10836,0.03680,0.16882,-0.02521,-0.98468
10845,0.04242,0.16241,-0.03607,-0.98517
10856,0.04620,0.15863,-0.04218,-0.98535
10865,0.04889,0.15735,-0.04456,-0.98535
10875,0.05042,0.15857,-0.04376,-0.98511
10886,0.05096,0.16125,-0.04102,-0.98474
10895,0.05048,0.16467,-0.03729,-0.98438
10906,0.04877,0.16858,-0.03394,-0.98395
10915,0.04590,0.17224,-0.03125,-0.98352
10925,0.04224,0.17529,-0.02936,-0.98322
10936,0.03833,0.17749,-0.02820,-0.98297
10945,0.03442,0.17877,-0.02747,-0.98291
10956,0.03076,0.17896,-0.02698,-0.98303
10965,0.02747,0.17859,-0.02661,-0.98322
10976,0.02496,0.17767,-0.02631,-0.98346
10985,0.02332,0.17633,-0.02570,-0.98376
10995,0.02258,0.17456,-0.02478,-0.98413
11006,0.02277,0.17242,-0.02356,-0.98450
11015,0.02368,0.17047,-0.02185,-0.98486
11025,0.02472,0.16852,-0.01996,-0.98523
11036,0.02563,0.16632,-0.01794,-0.98560
11045,0.02643,0.16370,-0.01611,-0.98602
11056,0.02740,0.16101,-0.01434,-0.98651
11065,0.02869,0.15839,-0.01233,-0.98688
11075,0.03015,0.15625,-0.00995,-0.98724
11086,0.03156,0.15448,-0.00732,-0.98749
11095,0.03296,0.15289,-0.00464,-0.98773
11106,0.03430,0.15161,-0.00208,-0.98785
11115,0.03534,0.15045,0.00037,-0.98798
11126,0.03595,0.14917,0.00250,-0.98816
11135,0.03625,0.14734,0.00421,-0.98846
11145,0.03644,0.14502,0.00537,-0.98877
11156,0.03687,0.14227,0.00592,-0.98914
11165,0.03772,0.13928,0.00598,-0.98956
11176,0.03906,0.13647,0.00574,-0.98987
11185,0.04065,0.13403,0.00549,-0.99017
11195,0.04230,0.13196,0.00513,-0.99036
11206,0.04364,0.13031,0.00452,-0.99054
11215,0.04437,0.12891,0.00348,-0.99066
11226,0.04407,0.12726,0.00183,-0.99091
11235,0.04297,0.12512,-0.00006,-0.99121
11244,0.04126,0.12274,-0.00201,-0.99158
11255,0.03961,0.12018,-0.00366,-0.99200
11265,0.03845,0.11761,-0.00464,-0.99231
11276,0.03802,0.11530,-0.00507,-0.99261
11285,0.03845,0.11359,-0.00513,-0.99280
11294,0.03967,0.11249,-0.00494,-0.99286
11305,0.04138,0.11182,-0.00476,-0.99286
11315,0.04327,0.11145,-0.00494,-0.99286
11326,0.04541,0.11108,-0.00555,-0.99280
11335,0.04730,0.11060,-0.00647,-0.99274
11346,0.04877,0.10986,-0.00745,-0.99274
11355,0.04968,0.10907,-0.00836,-0.99280
11365,0.05035,0.10834,-0.00916,-0.99280
11376,0.05103,0.10748,-0.00964,-0.99286
11385,0.05188,0.10657,-0.00983,-0.99292
11394,0.05286,0.10565,-0.01001,-0.99298
11405,0.05389,0.10486,-0.01038,-0.99298
11414,0.05511,0.10425,-0.01099,-0.99298
11425,0.05658,0.10382,-0.01172,-0.99292
11435,0.05774,0.10358,-0.01239,-0.99292
11446,0.05829,0.10303,-0.01263,-0.99292
11455,0.05859,0.10211,-0.01251,-0.99298
11464,0.05878,0.10120,-0.01227,-0.99310
11476,0.05927,0.10022,-0.01196,-0.99316
11485,0.06024,0.09930,-0.01172,-0.99316
11494,0.06171,0.09845,-0.01147,-0.99316
11505,0.06342,0.09784,-0.01111,-0.99316
11515,0.06494,0.09717,-0.01068,-0.99310
11526,0.06616,0.09644,-0.01038,-0.99310
11535,0.06708,0.09558,-0.01031,-0.99310
11544,0.06757,0.09503,-0.01044,-0.99316
11555,0.06769,0.09467,-0.01062,-0.99316
11564,0.06738,0.09424,-0.01080,-0.99323
11575,0.06665,0.09363,-0.01105,-0.99335
11585,0.06573,0.09247,-0.01141,-0.99353
11594,0.06482,0.09100,-0.01184,-0.99371
11605,0.06421,0.08948,-0.01221,-0.99390
11614,0.06366,0.08826,-0.01239,-0.99402
11625,0.06305,0.08716,-0.01245,-0.99414
11635,0.06177,0.08563,-0.01233,-0.99438
11644,0.05963,0.08344,-0.01208,-0.99469
11655,0.05688,0.08130,-0.01178,-0.99500
11665,0.05280,0.07947,-0.01154,-0.99542
11674,0.04645,0.07770,-0.01172,-0.99585
11685,0.03674,0.07605,-0.01270,-0.99640
11695,0.02386,0.07391,-0.01434,-0.99689
11706,0.00739,0.07166,-0.01703,-0.99731
11715,-0.01343,0.06964,-0.02148,-0.99725
11724,-0.03851,0.06757,-0.02728,-0.99664
11735,-0.06781,0.06592,-0.03387,-0.99500
11745,-0.09955,0.06470,-0.04132,-0.99213
11754,-0.13184,0.06396,-0.04785,-0.98810
11765,-0.16272,0.06335,-0.05188,-0.98328
11774,-0.19049,0.06219,-0.05322,-0.97833
11785,-0.21521,0.05975,-0.05219,-0.97339
11795,-0.23859,0.05731,-0.04834,-0.96826
11804,-0.26416,0.05530,-0.04108,-0.96204
11815,-0.28937,0.05402,-0.03204,-0.95520
11825,-0.31555,0.05365,-0.02081,-0.94720
11834,-0.34576,0.05707,-0.01099,-0.93658
11845,-0.37628,0.06036,-0.00397,-0.92456
11854,-0.39539,0.06567,-0.00092,-0.91620
11865,-0.40869,0.07391,0.00256,-0.90973
11875,-0.42059,0.07806,0.00531,-0.90393
11884,-0.43079,0.07910,0.00580,-0.89905
11895,-0.43951,0.07843,0.00500,-0.89484
11905,-0.44714,0.07764,0.00421,-0.89111
11914,-0.45483,0.07709,0.00378,-0.88727
11925,-0.46338,0.07629,0.00336,-0.88293
11935,-0.47223,0.07397,0.00305,-0.87842
11944,-0.48047,0.06995,0.00403,-0.87427
11955,-0.48737,0.06415,0.00549,-0.87085
11965,-0.49237,0.05804,0.00604,-0.86847
11974,-0.49677,0.05182,0.00616,-0.86639
11985,-0.49994,0.04633,0.00464,-0.86487
11995,-0.50153,0.04364,0.00085,-0.86407
12004,-0.50238,0.04401,-0.00604,-0.86359
12015,-0.50378,0.04492,-0.01544,-0.86261
12024,-0.50562,0.04425,-0.02643,-0.86127
12034,-0.50726,0.04242,-0.03790,-0.85999
12045,-0.50861,0.03992,-0.04895,-0.85876
12054,-0.50995,0.03687,-0.05914,-0.85742
12064,-0.51147,0.03363,-0.06805,-0.85602
12075,-0.51337,0.03015,-0.07538,-0.85437
12084,-0.51575,0.02722,-0.08185,-0.85248
12095,-0.51819,0.02478,-0.08789,-0.85040
12104,-0.52051,0.02271,-0.09302,-0.84851
12114,-0.52222,0.02057,-0.09650,-0.84711
12125,-0.52344,0.01831,-0.09753,-0.84631
12134,-0.52423,0.01636,-0.09631,-0.84601
12145,-0.52460,0.01526,-0.09344,-0.84613
12155,-0.52472,0.01501,-0.08929,-0.84650
12164,-0.52460,0.01544,-0.08398,-0.84711
12175,-0.52454,0.01642,-0.07806,-0.84766
12184,-0.52502,0.01764,-0.07239,-0.84784
12194,-0.52631,0.01910,-0.06769,-0.84741
12205,-0.52808,0.02051,-0.06458,-0.84656
12214,-0.52936,0.02142,-0.06329,-0.84583
12223,-0.52942,0.02075,-0.06433,-0.84570
12234,-0.52826,0.01904,-0.06689,-0.84631
12244,-0.52649,0.01709,-0.07092,-0.84711
12255,-0.52466,0.01526,-0.07587,-0.84784
12264,-0.52301,0.01367,-0.08112,-0.84839
12275,-0.52142,0.01239,-0.08685,-0.84882
12284,-0.51947,0.01117,-0.09265,-0.84943
12294,-0.51746,0.00903,-0.09723,-0.85016
12305,-0.51556,0.00598,-0.10004,-0.85101
12314,-0.51410,0.00232,-0.10083,-0.85181
12325,-0.51282,-0.00146,-0.09979,-0.85272
12334,-0.51099,-0.00488,-0.09753,-0.85406
12343,-0.50928,-0.00696,-0.09485,-0.85541
12354,-0.50800,-0.00659,-0.09418,-0.85620
12364,-0.50732,-0.00262,-0.09601,-0.85645
12375,-0.50714,0.00482,-0.09857,-0.85626
12384,-0.50708,0.01477,-0.10028,-0.85596
12393,-0.50714,0.02527,-0.10034,-0.85571
12404,-0.50677,0.03436,-0.09900,-0.85571
12413,-0.50555,0.04120,-0.09711,-0.85638
12424,-0.50354,0.04620,-0.09595,-0.85742
12434,-0.50116,0.04987,-0.09552,-0.85864
12445,-0.49866,0.05255,-0.09521,-0.86005
12454,-0.49628,0.05402,-0.09454,-0.86139
12464,-0.49426,0.05420,-0.09344,-0.86261
12475,-0.49268,0.05304,-0.09222,-0.86377
12484,-0.49127,0.05127,-0.09125,-0.86475
12493,-0.49005,0.04968,-0.09106,-0.86554
12504,-0.48889,0.04883,-0.09155,-0.86621
12514,-0.48755,0.04846,-0.09241,-0.86688
12525,-0.48578,0.04846,-0.09369,-0.86774
12534,-0.48364,0.04871,-0.09515,-0.86877
12543,-0.48132,0.04901,-0.09637,-0.86993
12554,-0.47913,0.04913,-0.09698,-0.87103
12564,-0.47705,0.04895,-0.09705,-0.87219
12575,-0.47510,0.04834,-0.09662,-0.87329
12584,-0.47339,0.04755,-0.09607,-0.87433
12593,-0.47168,0.04651,-0.09601,-0.87537
12604,-0.46973,0.04523,-0.09692,-0.87634
12614,-0.46747,0.04340,-0.09900,-0.87744
12625,-0.46478,0.04071,-0.10223,-0.87860
12634,-0.46149,0.03668,-0.10651,-0.88000
12643,-0.45746,0.03137,-0.11133,-0.88171
12654,-0.45325,0.02527,-0.11566,-0.88354
12663,-0.44946,0.01947,-0.11884,-0.88519
12674,-0.44623,0.01489,-0.12067,-0.88666
12684,-0.44360,0.01196,-0.12128,-0.88794
12693,-0.44141,0.01031,-0.12158,-0.88904
12704,-0.43939,0.00934,-0.12177,-0.89001
12713,-0.43774,0.00873,-0.12177,-0.89081
12724,-0.43652,0.00787,-0.12140,-0.89148
12734,-0.43610,0.00623,-0.12018,-0.89185
12743,-0.43671,0.00372,-0.11810,-0.89185
12754,-0.43823,0.00128,-0.11615,-0.89136
12763,-0.44073,0.00024,-0.11505,-0.89026
12774,-0.44409,0.00146,-0.11499,-0.88861
12783,-0.44769,0.00513,-0.11627,-0.88666
12793,-0.45123,0.01147,-0.11859,-0.88446
12804,-0.45459,0.02020,-0.12189,-0.88214
12813,-0.45728,0.02942,-0.12567,-0.87994
12824,-0.45972,0.03754,-0.12927,-0.87787
12834,-0.46204,0.04443,-0.13251,-0.87579
12843,-0.46411,0.05011,-0.13531,-0.87396
12854,-0.46594,0.05444,-0.13715,-0.87250
12863,-0.46747,0.05768,-0.13788,-0.87134
12874,-0.46887,0.06024,-0.13733,-0.87048
12883,-0.46985,0.06250,-0.13599,-0.87000
12894,-0.47046,0.06476,-0.13483,-0.86969
12904,-0.47076,0.06677,-0.13403,-0.86951
12913,-0.47052,0.06824,-0.13367,-0.86957
12924,-0.46997,0.06915,-0.13354,-0.86981
12933,-0.46918,0.06946,-0.13367,-0.87024
12944,-0.46808,0.06885,-0.13397,-0.87079
12953,-0.46686,0.06732,-0.13440,-0.87152
12963,-0.46552,0.06537,-0.13483,-0.87231
12974,-0.46417,0.06354,-0.13507,-0.87311
12983,-0.46289,0.06226,-0.13489,-0.87396
12994,-0.46167,0.06165,-0.13434,-0.87469
13003,-0.46063,0.06207,-0.13354,-0.87537
13013,-0.45972,0.06354,-0.13269,-0.87585
13024,-0.45862,0.06573,-0.13190,-0.87640
13033,-0.45715,0.06799,-0.13147,-0.87701
13044,-0.45569,0.06970,-0.13135,-0.87769
13053,-0.45410,0.07031,-0.13159,-0.87842
13064,-0.45251,0.06989,-0.13202,-0.87921
13073,-0.45099,0.06866,-0.13251,-0.88000
13083,-0.44940,0.06720,-0.13312,-0.88086
13094,-0.44775,0.06567,-0.13373,-0.88171
13103,-0.44617,0.06433,-0.13434,-0.88251
13114,-0.44464,0.06329,-0.13483,-0.88330
13123,-0.44305,0.06268,-0.13495,-0.88409
13133,-0.44147,0.06238,-0.13483,-0.88495
13144,-0.43964,0.06207,-0.13446,-0.88593
13153,-0.43750,0.06146,-0.13403,-0.88708
13164,-0.43524,0.06036,-0.13354,-0.88837
13173,-0.43317,0.05872,-0.13293,-0.88959
13184,-0.43134,0.05664,-0.13232,-0.89069
13193,-0.42987,0.05426,-0.13177,-0.89160
13203,-0.42859,0.05194,-0.13147,-0.89246
13214,-0.42737,0.04999,-0.13135,-0.89313
13223,-0.42615,0.04865,-0.13147,-0.89374
13234,-0.42487,0.04797,-0.13165,-0.89441
13243,-0.42346,0.04761,-0.13177,-0.89508
13252,-0.42200,0.04742,-0.13165,-0.89581
13263,-0.42059,0.04718,-0.13104,-0.89655
13273,-0.41931,0.04669,-0.13013,-0.89728
13284,-0.41821,0.04596,-0.12921,-0.89801
13293,-0.41705,0.04510,-0.12854,-0.89862
13302,-0.41602,0.04401,-0.12836,-0.89923
13313,-0.41498,0.04285,-0.12848,-0.89978
13323,-0.41400,0.04163,-0.12891,-0.90021
13334,-0.41309,0.04053,-0.12939,-0.90057
13343,-0.41217,0.03967,-0.12976,-0.90100
13354,-0.41132,0.03918,-0.13007,-0.90137
13363,-0.41040,0.03888,-0.13013,-0.90179
13372,-0.40936,0.03876,-0.13007,-0.90228
13383,-0.40851,0.03870,-0.12982,-0.90271
13393,-0.40778,0.03864,-0.12939,-0.90308
13404,-0.40704,0.03845,-0.12891,-0.90350
13413,-0.40619,0.03827,-0.12848,-0.90393
13424,-0.40527,0.03796,-0.12817,-0.90442
13433,-0.40424,0.03766,-0.12805,-0.90491
13442,-0.40308,0.03717,-0.12799,-0.90546
13453,-0.40192,0.03656,-0.12805,-0.90601
13463,-0.40094,0.03601,-0.12799,-0.90643
13474,-0.40009,0.03558,-0.12787,-0.90686
13483,-0.39923,0.03522,-0.12769,-0.90729
13492,-0.39825,0.03497,-0.12756,-0.90771
13503,-0.39728,0.03485,-0.12750,-0.90820
13513,-0.39636,0.03479,-0.12738,-0.90863
13524,-0.39551,0.03448,-0.12720,-0.90900
13533,-0.39471,0.03400,-0.12695,-0.90942
13542,-0.39392,0.03333,-0.12683,-0.90979
13553,-0.39313,0.03271,-0.12683,-0.91016
13562,-0.39227,0.03229,-0.12689,-0.91052
13573,-0.39148,0.03204,-0.12689,-0.91089
13583,-0.39050,0.03204,-0.12683,-0.91132
13594,-0.38940,0.03210,-0.12677,-0.91174
13603,-0.38837,0.03223,-0.12671,-0.91223
13612,-0.38739,0.03235,-0.12646,-0.91266
13623,-0.38654,0.03235,-0.12616,-0.91309
13632,-0.38580,0.03223,-0.12579,-0.91345
13643,-0.38507,0.03204,-0.12543,-0.91382
13653,-0.38422,0.03180,-0.12512,-0.91418
13664,-0.38336,0.03143,-0.12500,-0.91461
13673,-0.38239,0.03113,-0.12494,-0.91504
13682,-0.38116,0.03088,-0.12500,-0.91553
13693,-0.37994,0.03064,-0.12512,-0.91602
13702,-0.37878,0.03046,-0.12512,-0.91650
13713,-0.37769,0.03027,-0.12500,-0.91699
13723,-0.37653,0.03009,-0.12488,-0.91748
13732,-0.37524,0.02972,-0.12488,-0.91803
13743,-0.37390,0.02930,-0.12506,-0.91858
13752,-0.37262,0.02875,-0.12531,-0.91907
13763,-0.37140,0.02795,-0.12543,-0.91962
13773,-0.37012,0.02704,-0.12561,-0.92010
13782,-0.36896,0.02612,-0.12579,-0.92059
13793,-0.36786,0.02533,-0.12592,-0.92102
13802,-0.36682,0.02460,-0.12604,-0.92145
13813,-0.36578,0.02405,-0.12604,-0.92188
13822,-0.36481,0.02356,-0.12598,-0.92230
13832,-0.36383,0.02307,-0.12573,-0.92267
13843,-0.36292,0.02252,-0.12531,-0.92316
13852,-0.36188,0.02203,-0.12494,-0.92358
13863,-0.36090,0.02155,-0.12469,-0.92401
13872,-0.35999,0.02106,-0.12451,-0.92444
13883,-0.35913,0.02057,-0.12445,-0.92474
13893,-0.35840,0.02002,-0.12451,-0.92505
13902,-0.35773,0.01941,-0.12457,-0.92535
13913,-0.35699,0.01880,-0.12476,-0.92560
13922,-0.35614,0.01813,-0.12494,-0.92590
13933,-0.35516,0.01740,-0.12524,-0.92627
13942,-0.35406,0.01666,-0.12543,-0.92664
13952,-0.35297,0.01599,-0.12543,-0.92712
13963,-0.35181,0.01544,-0.12524,-0.92755
13972,-0.35071,0.01501,-0.12482,-0.92804
13983,-0.34979,0.01483,-0.12427,-0.92847
13992,-0.34888,0.01465,-0.12384,-0.92889
14003,-0.34802,0.01434,-0.12360,-0.92926
14012,-0.34723,0.01392,-0.12360,-0.92957
14022,-0.34650,0.01349,-0.12384,-0.92981
14033,-0.34576,0.01288,-0.12408,-0.93005
14042,-0.34497,0.01227,-0.12433,-0.93030
14052,-0.34406,0.01160,-0.12457,-0.93066
14063,-0.34308,0.01105,-0.12463,-0.93097
14072,-0.34216,0.01068,-0.12451,-0.93134
14083,-0.34131,0.01056,-0.12415,-0.93170
14092,-0.34058,0.01062,-0.12366,-0.93207
14103,-0.33978,0.01074,-0.12329,-0.93237
14112,-0.33899,0.01074,-0.12311,-0.93268
14122,-0.33813,0.01074,-0.12329,-0.93298
14133,-0.33740,0.01068,-0.12354,-0.93323
14142,-0.33655,0.01068,-0.12390,-0.93347
14153,-0.33569,0.01086,-0.12427,-0.93372
14162,-0.33484,0.01105,-0.12451,-0.93396
14173,-0.33398,0.01123,-0.12457,-0.93427
14182,-0.33313,0.01123,-0.12433,-0.93463
14192,-0.33215,0.01111,-0.12396,-0.93500
14203,-0.33118,0.01105,-0.12366,-0.93542
14212,-0.33014,0.01105,-0.12347,-0.93579
14223,-0.32910,0.01093,-0.12335,-0.93616
14232,-0.32806,0.01062,-0.12335,-0.93652
14241,-0.32697,0.01019,-0.12360,-0.93689
14252,-0.32587,0.00964,-0.12396,-0.93726
14262,-0.32477,0.00903,-0.12451,-0.93756
14273,-0.32355,0.00824,-0.12500,-0.93793
14282,-0.32233,0.00720,-0.12549,-0.93829
14293,-0.32111,0.00604,-0.12579,-0.93866
14302,-0.31982,0.00507,-0.12610,-0.93909
14312,-0.31848,0.00433,-0.12634,-0.93951
14322,-0.31714,0.00372,-0.12646,-0.93994
14332,-0.31586,0.00305,-0.12628,-0.94043
14343,-0.31458,0.00226,-0.12610,-0.94086
14352,-0.31342,0.00153,-0.12585,-0.94128
14361,-0.31226,0.00079,-0.12579,-0.94171
14372,-0.31097,-0.00012,-0.12598,-0.94208
14382,-0.30969,-0.00134,-0.12622,-0.94244
14392,-0.30847,-0.00262,-0.12671,-0.94281
14402,-0.30719,-0.00385,-0.12720,-0.94318
14413,-0.30591,-0.00494,-0.12775,-0.94348
14422,-0.30463,-0.00592,-0.12811,-0.94385
14431,-0.30347,-0.00671,-0.12836,-0.94415
14442,-0.30237,-0.00720,-0.12848,-0.94452
14452,-0.30139,-0.00751,-0.12860,-0.94482
14463,-0.30072,-0.00793,-0.12830,-0.94507
14472,-0.30054,-0.00873,-0.12793,-0.94519
14481,-0.30023,-0.01031,-0.12769,-0.94525
14492,-0.29980,-0.01141,-0.12799,-0.94537
14501,-0.29907,-0.01202,-0.12866,-0.94550
14512,-0.29816,-0.01282,-0.12903,-0.94574
14522,-0.29718,-0.01392,-0.12885,-0.94604
14533,-0.29614,-0.01508,-0.12842,-0.94641
14542,-0.29492,-0.01605,-0.12823,-0.94678
14551,-0.29340,-0.01691,-0.12848,-0.94720
14562,-0.29114,-0.01770,-0.12921,-0.94781
14572,-0.28790,-0.01843,-0.13043,-0.94861
14582,-0.28351,-0.01996,-0.13208,-0.94965
14592,-0.27777,-0.02167,-0.13440,-0.95099
14601,-0.27087,-0.02289,-0.13708,-0.95258
14612,-0.26312,-0.02319,-0.13965,-0.95435
14621,-0.25470,-0.02246,-0.14227,-0.95630
14632,-0.24414,-0.02039,-0.14508,-0.95868
14642,-0.23157,-0.01593,-0.14630,-0.96167
14652,-0.21771,-0.00958,-0.14648,-0.96497
14662,-0.20392,-0.00299,-0.14581,-0.96808
14671,-0.19019,0.00256,-0.14520,-0.97101
14682,-0.17590,0.00708,-0.14496,-0.97369
14691,-0.16083,0.01160,-0.14496,-0.97626
14702,-0.14520,0.01624,-0.14429,-0.97870
14711,-0.13031,0.02020,-0.14319,-0.98090
14722,-0.11688,0.02191,-0.14252,-0.98267
14732,-0.10486,0.02081,-0.14246,-0.98407
14741,-0.09369,0.01709,-0.14203,-0.98529
14752,-0.08252,0.01178,-0.14081,-0.98657
14761,-0.07117,0.00604,-0.13885,-0.98779
14772,-0.05896,0.00031,-0.13629,-0.98895
14782,-0.04535,-0.00488,-0.13342,-0.99005
14791,-0.03015,-0.00916,-0.13025,-0.99103
14802,-0.01404,-0.01154,-0.12671,-0.99182
14811,0.00232,-0.01245,-0.12323,-0.99231
14822,0.01917,-0.01233,-0.12030,-0.99249
14831,0.03607,-0.01196,-0.11847,-0.99225
14841,0.05273,-0.01215,-0.11737,-0.99164
14852,0.06830,-0.01392,-0.11676,-0.99072
14861,0.08264,-0.01782,-0.11621,-0.98962
14872,0.09564,-0.02325,-0.11536,-0.98846
14881,0.10779,-0.02954,-0.11389,-0.98724
14892,0.11920,-0.03583,-0.11151,-0.98596
14901,0.12976,-0.04150,-0.10828,-0.98480
14911,0.13953,-0.04675,-0.10480,-0.98358
14922,0.14844,-0.05182,-0.10175,-0.98236
14931,0.15668,-0.05670,-0.09967,-0.98102
14942,0.16455,-0.06097,-0.09863,-0.97955
14951,0.17230,-0.06458,-0.09821,-0.97803
14961,0.18005,-0.06781,-0.09796,-0.97644
14972,0.18774,-0.07086,-0.09802,-0.97479
14981,0.19550,-0.07343,-0.09863,-0.97302
14992,0.20270,-0.07465,-0.09955,-0.97131
15001,0.20941,-0.07446,-0.10016,-0.96985
15012,0.21552,-0.07269,-0.10040,-0.96863
15021,0.22107,-0.07019,-0.09967,-0.96765
15031,0.22644,-0.06812,-0.09833,-0.96667
15042,0.23102,-0.06689,-0.09662,-0.96588
15051,0.23468,-0.06696,-0.09430,-0.96521
15062,0.23755,-0.06769,-0.09283,-0.96460
15071,0.24127,-0.06836,-0.09210,-0.96368
15082,0.24585,-0.06769,-0.09277,-0.96252
15091,0.25110,-0.06519,-0.09546,-0.96106
15101,0.25873,-0.05939,-0.09882,-0.95905
15112,0.26807,-0.05249,-0.10345,-0.95642
15121,0.27594,-0.04620,-0.10919,-0.95386
15132,0.28430,-0.04236,-0.11108,-0.95135
15141,0.29565,-0.04004,-0.11176,-0.94794
15150,0.31055,-0.03864,-0.11322,-0.94305
15161,0.32770,-0.03778,-0.11560,-0.93695
15171,0.34674,-0.03693,-0.11786,-0.92981
15182,0.36670,-0.03625,-0.11890,-0.92200
15191,0.38556,-0.03595,-0.11835,-0.91437
15202,0.40192,-0.03571,-0.11639,-0.90753
15211,0.41614,-0.03546,-0.11292,-0.90161
15221,0.42902,-0.03448,-0.10736,-0.89624
15231,0.44128,-0.03241,-0.09998,-0.89117
15241,0.45471,-0.02838,-0.09161,-0.88550
15252,0.46997,-0.02264,-0.08234,-0.87860
15261,0.48700,-0.01501,-0.07239,-0.87030
15270,0.50641,-0.00623,-0.06165,-0.86011
15281,0.52777,0.00165,-0.05017,-0.84790
15291,0.55048,0.00757,-0.03741,-0.83398
15301,0.57300,0.01282,-0.02368,-0.81915
15311,0.59381,0.01868,-0.01099,-0.80432
15322,0.61359,0.02551,-0.00073,-0.78925
15331,0.63306,0.03235,0.00787,-0.77338
15340,0.65222,0.03851,0.01495,-0.75696
15351,0.66992,0.04364,0.02069,-0.74084
15361,0.68561,0.04846,0.02515,-0.72595
15372,0.69916,0.05359,0.02740,-0.71240
15381,0.71161,0.05896,0.02673,-0.69958
15390,0.72424,0.06427,0.02301,-0.68616
15401,0.73730,0.06842,0.01660,-0.67188
15410,0.75037,0.07001,0.00854,-0.65723
15421,0.76312,0.06805,-0.00079,-0.64264
15431,0.77545,0.06287,-0.01135,-0.62811
15442,0.78699,0.05627,-0.02234,-0.61395
15451,0.79755,0.04980,-0.03229,-0.60034
15460,0.80707,0.04401,-0.03967,-0.58740
15471,0.81586,0.03918,-0.04352,-0.57526
15481,0.82397,0.03467,-0.04462,-0.56378
15491,0.83179,0.02985,-0.04449,-0.55249
15501,0.83942,0.02405,-0.04401,-0.54114
15510,0.84692,0.01727,-0.04376,-0.52966
15521,0.85394,0.01001,-0.04358,-0.51849
15530,0.86023,0.00348,-0.04425,-0.50793
15541,0.86560,-0.00220,-0.04547,-0.49866
15551,0.87018,-0.00708,-0.04645,-0.49054
15562,0.87415,-0.01141,-0.04688,-0.48322
15571,0.87781,-0.01520,-0.04633,-0.47650
15580,0.88110,-0.01727,-0.04504,-0.47046
15591,0.88403,-0.01697,-0.04376,-0.46509
15601,0.88660,-0.01447,-0.04303,-0.46033
15612,0.88885,-0.01019,-0.04321,-0.45605
15621,0.89087,-0.00531,-0.04401,-0.45209
15630,0.89288,-0.00079,-0.04535,-0.44794
15641,0.89514,0.00281,-0.04669,-0.44330
15650,0.89783,0.00525,-0.04749,-0.43774
15661,0.90100,0.00653,-0.04742,-0.43115
15671,0.90479,0.00671,-0.04639,-0.42328
15680,0.90900,0.00623,-0.04486,-0.41425
15691,0.91351,0.00562,-0.04352,-0.40436
15700,0.91803,0.00531,-0.04242,-0.39410
15711,0.92242,0.00549,-0.04126,-0.38391
15720,0.92657,0.00592,-0.03998,-0.37396
15730,0.93042,0.00598,-0.03851,-0.36438
15741,0.93408,0.00555,-0.03687,-0.35516
15750,0.93750,0.00476,-0.03442,-0.34619
15761,0.94080,0.00372,-0.03107,-0.33752
15770,0.94385,0.00299,-0.02673,-0.32922
15781,0.94672,0.00269,-0.02173,-0.32129
15791,0.94922,0.00323,-0.01691,-0.31409
15800,0.95135,0.00446,-0.01288,-0.30762
15811,0.95319,0.00598,-0.00995,-0.30206
15820,0.95471,0.00732,-0.00824,-0.29730
15831,0.95593,0.00830,-0.00769,-0.29333
15841,0.95697,0.00891,-0.00836,-0.28998
15850,0.95782,0.00946,-0.00995,-0.28705
15861,0.95856,0.01025,-0.01208,-0.28436
15870,0.95929,0.01160,-0.01440,-0.28174
15881,0.96014,0.01324,-0.01654,-0.27869
15890,0.96112,0.01477,-0.01801,-0.27515
15901,0.96222,0.01556,-0.01886,-0.27112
15911,0.96350,0.01538,-0.01947,-0.26660
15920,0.96478,0.01447,-0.01953,-0.26190
15931,0.96600,0.01331,-0.01910,-0.25745
15940,0.96710,0.01196,-0.01837,-0.25330
15951,0.96808,0.01056,-0.01746,-0.24963
15960,0.96899,0.00909,-0.01617,-0.24628
15970,0.96985,0.00757,-0.01471,-0.24304
15981,0.97070,0.00653,-0.01257,-0.23981
15990,0.97150,0.00604,-0.00922,-0.23669
16001,0.97198,0.00513,-0.00555,-0.23492
16010,0.97211,0.00409,-0.00201,-0.23444
16021,0.97223,0.00421,0.00238,-0.23383
16030,0.97272,0.00562,0.00708,-0.23175
16040,0.97357,0.00745,0.01013,-0.22797
16051,0.97467,0.01007,0.01190,-0.22308
16060,0.97577,0.01434,0.01367,-0.21790
16070,0.97681,0.01959,0.01587,-0.21246
16081,0.97778,0.02527,0.01788,-0.20709
16090,0.97864,0.03003,0.01825,-0.20233
16101,0.97937,0.03369,0.01672,-0.19849
16110,0.97992,0.03601,0.01398,-0.19562
16120,0.98029,0.03748,0.01086,-0.19354
16131,0.98047,0.03827,0.00763,-0.19275
16140,0.98041,0.03839,0.00421,-0.19318
16150,0.98016,0.03784,0.00098,-0.19440
16161,0.97986,0.03668,-0.00214,-0.19623
16170,0.97949,0.03522,-0.00525,-0.19818
16181,0.97913,0.03375,-0.00873,-0.20007
16190,0.97876,0.03259,-0.01251,-0.20190
16199,0.97845,0.03192,-0.01624,-0.20319
16210,0.97821,0.03198,-0.01874,-0.20410
16220,0.97791,0.03186,-0.02069,-0.20551
16231,0.97748,0.03119,-0.02319,-0.20728
16240,0.97705,0.02972,-0.02789,-0.20892
16251,0.97662,0.02716,-0.03571,-0.21027
16260,0.97614,0.02356,-0.04474,-0.21118
16269,0.97565,0.01984,-0.05310,-0.21173
16280,0.97528,0.01642,-0.06036,-0.21179
16290,0.97510,0.01416,-0.06604,-0.21124
16301,0.97516,0.01416,-0.07007,-0.20953
16310,0.97559,0.01703,-0.07184,-0.20667
16319,0.97644,0.02222,-0.07147,-0.20239
16330,0.97760,0.02863,-0.06970,-0.19641
16339,0.97913,0.03503,-0.06702,-0.18854
16350,0.98090,0.04034,-0.06396,-0.17896
16360,0.98297,0.04401,-0.06085,-0.16772
16371,0.98505,0.04559,-0.05792,-0.15558
16380,0.98712,0.04535,-0.05560,-0.14282
16389,0.98895,0.04370,-0.05469,-0.13031
16400,0.99036,0.04150,-0.05591,-0.11951
16410,0.99121,0.03961,-0.05933,-0.11139
16421,0.99152,0.03857,-0.06409,-0.10596
16430,0.99164,0.03900,-0.06818,-0.10242
16439,0.99164,0.04114,-0.07007,-0.09985
16450,0.99182,0.04413,-0.06873,-0.09796
16459,0.99213,0.04724,-0.06409,-0.09668
16470,0.99243,0.04993,-0.05756,-0.09576
16480,0.99286,0.05188,-0.05029,-0.09479
16491,0.99323,0.05267,-0.04315,-0.09357
16500,0.99365,0.05188,-0.03711,-0.09204
16509,0.99408,0.04968,-0.03314,-0.09045
16520,0.99445,0.04663,-0.03143,-0.08881
16529,0.99469,0.04364,-0.03119,-0.08722
16540,0.99493,0.04102,-0.03119,-0.08563
16550,0.99524,0.03918,-0.03009,-0.08398
16560,0.99548,0.03833,-0.02747,-0.08221
16571,0.99573,0.03851,-0.02338,-0.08057
16580,0.99591,0.03961,-0.01837,-0.07886
16589,0.99603,0.04138,-0.01312,-0.07721
16600,0.99615,0.04321,-0.00830,-0.07574
16610,0.99622,0.04480,-0.00452,-0.07428
16619,0.99622,0.04602,-0.00232,-0.07306
16630,0.99628,0.04681,-0.00189,-0.07202
16639,0.99628,0.04724,-0.00269,-0.07129
16650,0.99634,0.04742,-0.00385,-0.07080
16660,0.99634,0.04742,-0.00488,-0.07068
16669,0.99634,0.04755,-0.00549,-0.07062
16680,0.99628,0.04803,-0.00549,-0.07056
16689,0.99628,0.04907,-0.00519,-0.07037
16700,0.99622,0.05054,-0.00470,-0.07007
16710,0.99615,0.05231,-0.00427,-0.06964
16719,0.99609,0.05414,-0.00397,-0.06897
16730,0.99609,0.05579,-0.00366,-0.06805
16739,0.99609,0.05701,-0.00299,-0.06702
16750,0.99615,0.05743,-0.00214,-0.06586
16760,0.99622,0.05719,-0.00122,-0.06464
16769,0.99634,0.05646,-0.00049,-0.06354
16780,0.99646,0.05548,-0.00006,-0.06262
16789,0.99652,0.05469,0.00024,-0.06201
16800,0.99658,0.05450,0.00049,-0.06146
16810,0.99658,0.05518,0.00098,-0.06085
16819,0.99658,0.05658,0.00159,-0.06012
16830,0.99652,0.05835,0.00226,-0.05927
16839,0.99646,0.06018,0.00305,-0.05829
16850,0.99640,0.06158,0.00391,-0.05725
16860,0.99640,0.06250,0.00476,-0.05627
16869,0.99640,0.06311,0.00568,-0.05524
16880,0.99646,0.06366,0.00653,-0.05414
16889,0.99646,0.06427,0.00708,-0.05310
16900,0.99646,0.06506,0.00745,-0.05206
16909,0.99646,0.06586,0.00751,-0.05103
16919,0.99646,0.06665,0.00714,-0.04993
16930,0.99646,0.06726,0.00659,-0.04883
16939,0.99652,0.06757,0.00592,-0.04761
16950,0.99658,0.06769,0.00543,-0.04645
16959,0.99664,0.06781,0.00537,-0.04510
16969,0.99670,0.06812,0.00580,-0.04364
16980,0.99670,0.06879,0.00659,-0.04218
16989,0.99664,0.06976,0.00751,-0.04077
17000,0.99664,0.07080,0.00830,-0.03955
17009,0.99658,0.07172,0.00885,-0.03851
17019,0.99658,0.07251,0.00916,-0.03778
17029,0.99652,0.07330,0.00934,-0.03699
17039,0.99652,0.07428,0.00940,-0.03613
17050,0.99646,0.07544,0.00940,-0.03516
17059,0.99640,0.07654,0.00916,-0.03412
17070,0.99640,0.07721,0.00867,-0.03314
17079,0.99640,0.07739,0.00793,-0.03235
17089,0.99646,0.07733,0.00720,-0.03174
17100,0.99646,0.07733,0.00665,-0.03125
17109,0.99646,0.07758,0.00641,-0.03088
17119,0.99640,0.07812,0.00629,-0.03046
17130,0.99640,0.07892,0.00616,-0.03009
17139,0.99634,0.07983,0.00598,-0.02966
17150,0.99628,0.08081,0.00580,-0.02917
17159,0.99622,0.08173,0.00574,-0.02856
17168,0.99615,0.08264,0.00580,-0.02771
17180,0.99609,0.08344,0.00580,-0.02673
17189,0.99609,0.08405,0.00562,-0.02570
17200,0.99609,0.08459,0.00525,-0.02466
17209,0.99603,0.08521,0.00482,-0.02374
17219,0.99597,0.08600,0.00452,-0.02301
17230,0.99591,0.08679,0.00464,-0.02240
17239,0.99585,0.08771,0.00525,-0.02185
17250,0.99579,0.08850,0.00616,-0.02142
17259,0.99573,0.08936,0.00714,-0.02112
17269,0.99567,0.09021,0.00793,-0.02081
17278,0.99554,0.09119,0.00854,-0.02026
17289,0.99548,0.09235,0.00903,-0.01953
17299,0.99536,0.09344,0.00946,-0.01868
17310,0.99530,0.09454,0.01013,-0.01770
17319,0.99518,0.09558,0.01074,-0.01672
17329,0.99512,0.09656,0.01141,-0.01581
17339,0.99506,0.09729,0.01208,-0.01495
17349,0.99500,0.09753,0.01257,-0.01410
17360,0.99506,0.09747,0.01276,-0.01331
17369,0.99506,0.09723,0.01257,-0.01239
17379,0.99512,0.09698,0.01233,-0.01147
17390,0.99512,0.09698,0.01227,-0.01056
17399,0.99512,0.09735,0.01251,-0.00970
17409,0.99506,0.09796,0.01300,-0.00873
17419,0.99493,0.09894,0.01343,-0.00775
17429,0.99487,0.09991,0.01385,-0.00665
17440,0.99475,0.10077,0.01404,-0.00549
17449,0.99469,0.10150,0.01410,-0.00427
17458,0.99463,0.10211,0.01392,-0.00305
17469,0.99457,0.10278,0.01361,-0.00189
17478,0.99451,0.10358,0.01331,-0.00067
17489,0.99438,0.10443,0.01337,0.00061
17499,0.99432,0.10522,0.01367,0.00201
17508,0.99420,0.10590,0.01440,0.00342
17519,0.99414,0.10638,0.01526,0.00476
17528,0.99408,0.10675,0.01605,0.00604
17539,0.99402,0.10718,0.01672,0.00732
17549,0.99396,0.10773,0.01715,0.00854
17558,0.99390,0.10840,0.01746,0.00983
17569,0.99377,0.10919,0.01758,0.01123
17579,0.99365,0.10999,0.01764,0.01288
17588,0.99353,0.11102,0.01776,0.01471
17599,0.99335,0.11230,0.01819,0.01672
17608,0.99310,0.11359,0.01892,0.01904
17619,0.99292,0.11469,0.01984,0.02161
17629,0.99274,0.11578,0.02081,0.02441
17638,0.99249,0.11676,0.02167,0.02704
17649,0.99237,0.11743,0.02216,0.02917
17658,0.99225,0.11780,0.02240,0.03088
17669,0.99219,0.11786,0.02228,0.03229
17679,0.99219,0.11792,0.02191,0.03381
17688,0.99207,0.11810,0.02136,0.03577
17699,0.99194,0.11853,0.02087,0.03821
17709,0.99176,0.11914,0.02039,0.04114
17718,0.99158,0.11969,0.01990,0.04474
17729,0.99127,0.12024,0.01953,0.04913
17738,0.99097,0.12091,0.01941,0.05389
17749,0.99060,0.12195,0.01959,0.05859
17759,0.99011,0.12323,0.02002,0.06317
17768,0.98962,0.12476,0.02032,0.06799
17779,0.98895,0.12665,0.02045,0.07349
17789,0.98816,0.12897,0.02020,0.07977
17798,0.98724,0.13159,0.01953,0.08691
17809,0.98627,0.13385,0.01855,0.09479
17818,0.98529,0.13513,0.01758,0.10297
17829,0.98431,0.13544,0.01697,0.11115
17839,0.98346,0.13495,0.01666,0.11938
17848,0.98248,0.13367,0.01630,0.12836
17859,0.98138,0.13171,0.01532,0.13873
17868,0.97992,0.12927,0.01349,0.15082
17879,0.97815,0.12653,0.01080,0.16443
17889,0.97595,0.12372,0.00745,0.17926
17898,0.97327,0.12085,0.00354,0.19507
17909,0.97009,0.11829,-0.00067,0.21179
17919,0.96631,0.11646,-0.00488,0.22931
17928,0.96204,0.11542,-0.00867,0.24701
17939,0.95740,0.11487,-0.01178,0.26459
17948,0.95233,0.11444,-0.01453,0.28235
17959,0.94659,0.11395,-0.01697,0.30096
17968,0.94012,0.11328,-0.01874,0.32080
17978,0.93274,0.11292,-0.01868,0.34180
17989,0.92444,0.11322,-0.01617,0.36365
17998,0.91510,0.11456,-0.01154,0.38641
18008,0.90497,0.11676,-0.00513,0.40906
18019,0.89471,0.11920,0.00244,0.43036
18028,0.88507,0.12115,0.00995,0.44928
18039,0.87659,0.12177,0.01630,0.46521
18048,0.86945,0.12085,0.02100,0.47845
18058,0.86334,0.11835,0.02417,0.48987
18068,0.85754,0.11462,0.02649,0.50073
18078,0.85181,0.11011,0.02783,0.51129
18089,0.84650,0.10468,0.02832,0.52112
18098,0.84186,0.09821,0.02777,0.52985
18107,0.83783,0.09100,0.02576,0.53760
18118,0.83441,0.08405,0.02277,0.54413
18128,0.83167,0.07800,0.01892,0.54938
18139,0.82922,0.07373,0.01434,0.55377
18148,0.82690,0.07159,0.00964,0.55762
18159,0.82452,0.07123,0.00610,0.56122
18168,0.82214,0.07202,0.00470,0.56458
18177,0.81995,0.07330,0.00543,0.56763
18189,0.81799,0.07471,0.00781,0.57025
18198,0.81635,0.07635,0.01099,0.57233
18207,0.81494,0.07831,0.01416,0.57397
18218,0.81378,0.08026,0.01648,0.57526
18228,0.81293,0.08191,0.01740,0.57617
18238,0.81244,0.08331,0.01678,0.57672
18248,0.81238,0.08441,0.01489,0.57672
18259,0.81262,0.08527,0.01215,0.57635
18268,0.81299,0.08606,0.00940,0.57568
18277,0.81354,0.08691,0.00702,0.57483
18289,0.81421,0.08783,0.00513,0.57379
18298,0.81482,0.08917,0.00372,0.57275
18307,0.81525,0.09113,0.00256,0.57178
18318,0.81549,0.09369,0.00159,0.57104
18328,0.81543,0.09686,0.00037,0.57062
18339,0.81512,0.10059,-0.00104,0.57037
18348,0.81464,0.10498,-0.00275,0.57025
18357,0.81384,0.10992,-0.00476,0.57050
18368,0.81256,0.11511,-0.00684,0.57129
18378,0.81146,0.11957,-0.00928,0.57190
18389,0.81097,0.12323,-0.01288,0.57178
18398,0.81091,0.12616,-0.01709,0.57104
18407,0.81085,0.12903,-0.02069,0.57037
18418,0.81012,0.13190,-0.02203,0.57068
18427,0.80859,0.13440,-0.02014,0.57239
18438,0.80652,0.13635,-0.01520,0.57501
18448,0.80414,0.13782,-0.00818,0.57812
18459,0.80200,0.13831,-0.00012,0.58099
18468,0.80127,0.13708,0.00751,0.58228
18477,0.80225,0.13397,0.01300,0.58154
18488,0.80463,0.12970,0.01556,0.57916
18498,0.80762,0.12531,0.01575,0.57593
18509,0.81036,0.12177,0.01544,0.57281
18518,0.81256,0.11951,0.01617,0.57019
18527,0.81372,0.11859,0.01874,0.56866
18538,0.81366,0.11877,0.02344,0.56848
18547,0.81262,0.11920,0.02997,0.56964
18558,0.81079,0.11877,0.03784,0.57184
18568,0.80865,0.11707,0.04639,0.57458
18578,0.80664,0.11340,0.05444,0.57739
18588,0.80499,0.10803,0.06116,0.58008
18597,0.80383,0.10150,0.06573,0.58240
18608,0.80280,0.09454,0.06781,0.58466
18618,0.80188,0.08783,0.06793,0.58704
18627,0.80078,0.08160,0.06677,0.58954
18638,0.79950,0.07635,0.06525,0.59216
18647,0.79791,0.07245,0.06403,0.59485
18658,0.79602,0.06995,0.06348,0.59778
18668,0.79382,0.06885,0.06396,0.60077
18677,0.79144,0.06879,0.06555,0.60370
18688,0.78894,0.06921,0.06799,0.60663
18697,0.78650,0.06989,0.07123,0.60938
18708,0.78424,0.07056,0.07483,0.61176
18717,0.78235,0.07129,0.07800,0.61377
18728,0.78076,0.07233,0.08002,0.61536
18738,0.77954,0.07391,0.08063,0.61664
18747,0.77863,0.07562,0.08014,0.61768
18758,0.77777,0.07733,0.07916,0.61865
18767,0.77704,0.07886,0.07819,0.61951
18778,0.77643,0.08002,0.07751,0.62018
18787,0.77600,0.08081,0.07721,0.62073
18798,0.77557,0.08130,0.07751,0.62115
18808,0.77509,0.08160,0.07843,0.62158
18817,0.77454,0.08173,0.08002,0.62201
18828,0.77399,0.08173,0.08179,0.62244
18837,0.77356,0.08185,0.08350,0.62280
18848,0.77319,0.08215,0.08466,0.62299
18857,0.77307,0.08258,0.08533,0.62305
18868,0.77301,0.08307,0.08539,0.62305
18878,0.77295,0.08362,0.08514,0.62311
18887,0.77283,0.08423,0.08466,0.62323
18898,0.77264,0.08472,0.08423,0.62347
18907,0.77240,0.08502,0.08398,0.62366
18918,0.77222,0.08508,0.08392,0.62396
18927,0.77191,0.08514,0.08417,0.62427
18938,0.77161,0.08527,0.08459,0.62457
18948,0.77124,0.08563,0.08496,0.62494
18957,0.77075,0.08624,0.08539,0.62537
18968,0.77026,0.08698,0.08569,0.62585
18977,0.76990,0.08771,0.08569,0.62622
18987,0.76959,0.08850,0.08551,0.62646
18998,0.76947,0.08923,0.08514,0.62659
19007,0.76941,0.08984,0.08472,0.62665
19017,0.76941,0.09045,0.08429,0.62659
19028,0.76935,0.09106,0.08405,0.62665
19037,0.76917,0.09161,0.08411,0.62677
19047,0.76886,0.09204,0.08435,0.62701
19058,0.76849,0.09241,0.08466,0.62738
19067,0.76813,0.09265,0.08490,0.62781
19077,0.76764,0.09296,0.08478,0.62836
19088,0.76715,0.09320,0.08435,0.62897
19097,0.76666,0.09338,0.08368,0.62958
19107,0.76636,0.09338,0.08270,0.63013
19118,0.76611,0.09314,0.08148,0.63062
19127,0.76593,0.09283,0.08014,0.63104
19137,0.76575,0.09253,0.07898,0.63147
19148,0.76550,0.09222,0.07831,0.63190
19157,0.76508,0.09210,0.07812,0.63245
19167,0.76440,0.09216,0.07867,0.63318
19178,0.76373,0.09235,0.07977,0.63385
19187,0.76294,0.09265,0.08099,0.63458
19196,0.76215,0.09320,0.08197,0.63531
19208,0.76135,0.09393,0.08270,0.63611
19217,0.76056,0.09479,0.08295,0.63684
19226,0.75983,0.09570,0.08301,0.63757
19237,0.75916,0.09656,0.08307,0.63824
19247,0.75854,0.09729,0.08319,0.63885
19256,0.75800,0.09784,0.08350,0.63934
19267,0.75751,0.09821,0.08386,0.63983
19277,0.75714,0.09851,0.08411,0.64026
19286,0.75677,0.09888,0.08411,0.64056
19297,0.75653,0.09918,0.08380,0.64087
19307,0.75623,0.09949,0.08337,0.64124
19318,0.75598,0.09985,0.08301,0.64154
19327,0.75568,0.10010,0.08264,0.64191
19337,0.75525,0.10052,0.08258,0.64233
19348,0.75482,0.10083,0.08270,0.64276
19357,0.75446,0.10101,0.08301,0.64313
19367,0.75421,0.10107,0.08344,0.64331
19377,0.75391,0.10107,0.08386,0.64362
19387,0.75348,0.10120,0.08441,0.64404
19396,0.75299,0.10132,0.08502,0.64453
19407,0.75250,0.10144,0.08557,0.64496
19417,0.75214,0.10150,0.08600,0.64539
19426,0.75171,0.10156,0.08630,0.64587
19437,0.75116,0.10168,0.08667,0.64636
19447,0.75061,0.10181,0.08716,0.64691
19456,0.75006,0.10199,0.08765,0.64746
19467,0.74951,0.10205,0.08820,0.64801
19477,0.74896,0.10205,0.08868,0.64862
19488,0.74841,0.10193,0.08923,0.64917
19497,0.74799,0.10175,0.08972,0.64966
19506,0.74756,0.10150,0.09015,0.65009
19518,0.74719,0.10132,0.09064,0.65051
