time,qw,qx,qy,qz
8,0.62537,0.08325,0.40649,0.66077
18,0.62537,0.08325,0.40656,0.66077
27,0.62537,0.08325,0.40649,0.66077
38,0.62543,0.08325,0.40649,0.66077
47,0.62543,0.08325,0.40649,0.66077
58,0.62543,0.08325,0.40649,0.66077
68,0.62543,0.08325,0.40649,0.66077
77,0.62543,0.08325,0.40649,0.66077
88,0.62537,0.08325,0.40649,0.66077
97,0.62543,0.08319,0.40649,0.66077
108,0.62537,0.08319,0.40643,0.66077
117,0.62537,0.08319,0.40643,0.66083
127,0.62537,0.08313,0.40643,0.66083
138,0.62537,0.08313,0.40643,0.66083
147,0.62537,0.08313,0.40643,0.66083
158,0.62537,0.08313,0.40649,0.66077
167,0.62537,0.08319,0.40649,0.66077
177,0.62537,0.08319,0.40649,0.66077
188,0.62537,0.08319,0.40649,0.66077
197,0.62537,0.08319,0.40649,0.66077
208,0.62537,0.08319,0.40649,0.66077
217,0.62537,0.08319,0.40649,0.66077
227,0.62537,0.08319,0.40656,0.66077
238,0.62537,0.08319,0.40656,0.66077
247,0.62537,0.08319,0.40656,0.66077
258,0.62537,0.08319,0.40656,0.66077
267,0.62537,0.08319,0.40656,0.66077
278,0.62537,0.08325,0.40656,0.66077
287,0.62537,0.08325,0.40662,0.66077
297,0.62537,0.08325,0.40656,0.66077
308,0.62537,0.08325,0.40656,0.66077
317,0.62537,0.08325,0.40656,0.66077
328,0.62537,0.08325,0.40656,0.66077
337,0.62537,0.08325,0.40656,0.66077
347,0.62531,0.08325,0.40656,0.66077
357,0.62531,0.08319,0.40656,0.66077
367,0.62531,0.08319,0.40656,0.66083
378,0.62531,0.08313,0.40649,0.66083
387,0.62531,0.08313,0.40649,0.66083
398,0.62531,0.08313,0.40649,0.66083
407,0.62537,0.08313,0.40649,0.66083
416,0.62537,0.08313,0.40649,0.66083
427,0.62537,0.08313,0.40649,0.66083
437,0.62537,0.08313,0.40649,0.66083
448,0.62537,0.08313,0.40649,0.66083
457,0.62537,0.08313,0.40649,0.66083
468,0.62537,0.08313,0.40649,0.66083
477,0.62537,0.08313,0.40649,0.66083
486,0.62537,0.08313,0.40649,0.66083
497,0.62537,0.08313,0.40649,0.66083
507,0.62537,0.08313,0.40649,0.66083
518,0.62531,0.08313,0.40649,0.66083
527,0.62531,0.08313,0.40649,0.66083
536,0.62531,0.08313,0.40649,0.66083
548,0.62531,0.08313,0.40649,0.66083
557,0.62531,0.08319,0.40649,0.66083
566,0.62531,0.08319,0.40656,0.66083
577,0.62531,0.08319,0.40656,0.66077
587,0.62531,0.08325,0.40656,0.66077
598,0.62531,0.08325,0.40662,0.66077
607,0.62531,0.08325,0.40662,0.66077
616,0.62531,0.08331,0.40662,0.66077
627,0.62531,0.08331,0.40662,0.66077
637,0.62531,0.08331,0.40662,0.66077
648,0.62531,0.08331,0.40662,0.66077
657,0.62531,0.08331,0.40662,0.66077
666,0.62531,0.08331,0.40662,0.66077
677,0.62531,0.08331,0.40662,0.66077
686,0.62531,0.08331,0.40662,0.66077
697,0.62531,0.08331,0.40662,0.66077
707,0.62531,0.08331,0.40662,0.66077
718,0.62531,0.08325,0.40662,0.66077
727,0.62531,0.08325,0.40662,0.66077
736,0.62531,0.08325,0.40662,0.66077
747,0.62531,0.08325,0.40662,0.66077
756,0.62531,0.08325,0.40662,0.66077
767,0.62531,0.08325,0.40662,0.66077
777,0.62531,0.08319,0.40662,0.66077
788,0.62531,0.08319,0.40662,0.66077
797,0.62531,0.08319,0.40656,0.66077
806,0.62531,0.08319,0.40656,0.66083
817,0.62531,0.08319,0.40656,0.66083
826,0.62531,0.08313,0.40656,0.66083
837,0.62531,0.08313,0.40656,0.66083
847,0.62531,0.08313,0.40656,0.66083
856,0.62524,0.08313,0.40662,0.66083
867,0.62518,0.08307,0.40662,0.66089
876,0.62524,0.08276,0.40631,0.66107
887,0.62543,0.08246,0.40582,0.66125
896,0.62567,0.08209,0.40491,0.66162
907,0.62604,0.08154,0.40356,0.66217
917,0.62634,0.08075,0.40192,0.66296
926,0.62653,0.07977,0.40002,0.66406
937,0.62646,0.07867,0.39801,0.66541
946,0.62622,0.07751,0.39587,0.66711
957,0.62567,0.07648,0.39349,0.66913
966,0.62476,0.07556,0.39105,0.67157
977,0.62341,0.07471,0.38861,0.67432
987,0.62183,0.07349,0.38666,0.67694
996,0.62048,0.07172,0.38586,0.67883
1007,0.61951,0.07019,0.38611,0.67975
1016,0.61932,0.06952,0.38684,0.67963
1027,0.61975,0.06964,0.38776,0.67871
1036,0.62030,0.07037,0.38837,0.67773
1046,0.62067,0.07135,0.38873,0.67706
1057,0.62097,0.07233,0.38892,0.67664
1066,0.62122,0.07324,0.38898,0.67627
1077,0.62140,0.07416,0.38904,0.67590
1086,0.62146,0.07513,0.38940,0.67554
1097,0.62146,0.07605,0.39001,0.67511
1106,0.62134,0.07678,0.39069,0.67474
1116,0.62122,0.07727,0.39142,0.67444
1127,0.62097,0.07758,0.39209,0.67413
1136,0.62073,0.07776,0.39276,0.67401
1147,0.62030,0.07782,0.39337,0.67401
1156,0.61981,0.07776,0.39392,0.67413
1166,0.61938,0.07764,0.39441,0.67432
1176,0.61902,0.07745,0.39478,0.67444
1186,0.61865,0.07727,0.39496,0.67468
1197,0.61823,0.07721,0.39484,0.67511
1206,0.61786,0.07727,0.39447,0.67572
1217,0.61755,0.07739,0.39404,0.67621
1226,0.61755,0.07739,0.39362,0.67645
1236,0.61792,0.07745,0.39343,0.67621
1247,0.61829,0.07764,0.39325,0.67596
1256,0.61877,0.07770,0.39270,0.67584
1267,0.61926,0.07758,0.39136,0.67621
1276,0.61963,0.07709,0.38928,0.67712
1287,0.61981,0.07623,0.38684,0.67841
1296,0.61975,0.07501,0.38422,0.68011
1306,0.61981,0.07343,0.38153,0.68170
1317,0.61987,0.07159,0.37909,0.68323
1326,0.62006,0.06976,0.37701,0.68445
1337,0.62030,0.06799,0.37543,0.68518
1346,0.62079,0.06641,0.37463,0.68542
1356,0.62140,0.06525,0.37421,0.68518
1367,0.62219,0.06464,0.37390,0.68463
1376,0.62317,0.06451,0.37341,0.68408
1387,0.62439,0.06458,0.37250,0.68341
1396,0.62598,0.06439,0.37091,0.68286
1405,0.62805,0.06378,0.36859,0.68231
1416,0.63049,0.06293,0.36578,0.68164
1426,0.63330,0.06201,0.36273,0.68073
1437,0.63629,0.06134,0.35974,0.67957
1446,0.63934,0.06122,0.35706,0.67816
1455,0.64227,0.06177,0.35492,0.67645
1466,0.64496,0.06281,0.35345,0.67456
1475,0.64734,0.06403,0.35272,0.67255
1486,0.64948,0.06519,0.35260,0.67041
1496,0.65155,0.06604,0.35284,0.66821
1507,0.65363,0.06653,0.35315,0.66602
1516,0.65570,0.06671,0.35345,0.66376
1525,0.65796,0.06659,0.35345,0.66150
1536,0.66040,0.06628,0.35309,0.65930
1546,0.66309,0.06580,0.35223,0.65717
1557,0.66595,0.06519,0.35095,0.65497
1566,0.66882,0.06445,0.34949,0.65283
1577,0.67163,0.06366,0.34821,0.65076
1586,0.67413,0.06299,0.34747,0.64862
1595,0.67639,0.06256,0.34735,0.64636
1606,0.67853,0.06213,0.34790,0.64392
1616,0.68042,0.06158,0.34894,0.64142
1625,0.68225,0.06067,0.35016,0.63885
1636,0.68420,0.05939,0.35144,0.63617
1645,0.68628,0.05792,0.35266,0.63342
1656,0.68854,0.05640,0.35358,0.63055
1666,0.69086,0.05505,0.35425,0.62775
1675,0.69324,0.05377,0.35443,0.62512
1686,0.69556,0.05225,0.35443,0.62268
1695,0.69781,0.05017,0.35406,0.62054
1706,0.70013,0.04761,0.35339,0.61847
1716,0.70264,0.04480,0.35272,0.61627
1725,0.70526,0.04193,0.35223,0.61377
1736,0.70789,0.03943,0.35217,0.61096
1745,0.71014,0.03741,0.35291,0.60797
1756,0.71204,0.03607,0.35437,0.60498
1765,0.71375,0.03534,0.35651,0.60175
1776,0.71533,0.03516,0.35907,0.59839
1786,0.71698,0.03522,0.36157,0.59485
1795,0.71887,0.03516,0.36346,0.59143
1806,0.72089,0.03467,0.36481,0.58813
1815,0.72296,0.03363,0.36591,0.58502
1826,0.72498,0.03210,0.36664,0.58209
1835,0.72705,0.03027,0.36694,0.57941
1846,0.72937,0.02844,0.36676,0.57672
1856,0.73193,0.02692,0.36615,0.57391
1865,0.73468,0.02563,0.36517,0.57111
1876,0.73737,0.02435,0.36389,0.56848
1885,0.73993,0.02258,0.36273,0.56592
1896,0.74231,0.02032,0.36230,0.56323
1905,0.74432,0.01794,0.36285,0.56024
1916,0.74597,0.01593,0.36444,0.55713
1926,0.74719,0.01447,0.36658,0.55414
1935,0.74817,0.01355,0.36890,0.55127
1946,0.74908,0.01312,0.37091,0.54865
1955,0.75024,0.01294,0.37225,0.54614
1966,0.75171,0.01288,0.37274,0.54382
1976,0.75336,0.01257,0.37256,0.54163
1985,0.75513,0.01202,0.37219,0.53943
1996,0.75665,0.01111,0.37225,0.53729
2005,0.75775,0.01007,0.37299,0.53522
2016,0.75848,0.00909,0.37439,0.53326
2026,0.75891,0.00836,0.37610,0.53143
2035,0.75928,0.00800,0.37756,0.52985
2046,0.75970,0.00793,0.37860,0.52850
2055,0.76031,0.00830,0.37897,0.52734
2066,0.76123,0.00891,0.37866,0.52625
2075,0.76239,0.00952,0.37781,0.52521
2085,0.76343,0.00995,0.37689,0.52429
2096,0.76416,0.01007,0.37634,0.52362
2105,0.76447,0.00989,0.37622,0.52332
2116,0.76440,0.00958,0.37653,0.52313
2125,0.76422,0.00922,0.37726,0.52289
2136,0.76410,0.00897,0.37817,0.52246
2145,0.76422,0.00909,0.37866,0.52197
2155,0.76453,0.00946,0.37854,0.52161
2166,0.76489,0.00983,0.37793,0.52142
2175,0.76532,0.01007,0.37701,0.52148
2186,0.76562,0.01007,0.37616,0.52167
2195,0.76569,0.00983,0.37579,0.52185
2205,0.76532,0.00940,0.37616,0.52209
2216,0.76459,0.00897,0.37714,0.52252
2225,0.76355,0.00854,0.37805,0.52332
2236,0.76245,0.00800,0.37872,0.52448
2245,0.76123,0.00732,0.37903,0.52600
2255,0.76001,0.00647,0.37903,0.52777
2266,0.75879,0.00549,0.37903,0.52954
2275,0.75763,0.00439,0.37885,0.53137
2286,0.75653,0.00330,0.37854,0.53320
2295,0.75562,0.00232,0.37781,0.53497
2305,0.75470,0.00177,0.37677,0.53699
2315,0.75360,0.00146,0.37561,0.53937
2325,0.75220,0.00110,0.37476,0.54193
2336,0.75055,0.00049,0.37433,0.54443
2345,0.74884,-0.00031,0.37439,0.54681
2354,0.74707,-0.00110,0.37476,0.54895
2365,0.74530,-0.00195,0.37531,0.55096
2375,0.74359,-0.00262,0.37598,0.55280
2386,0.74194,-0.00293,0.37677,0.55450
2395,0.74030,-0.00293,0.37756,0.55615
2406,0.73865,-0.00238,0.37830,0.55780
2415,0.73718,-0.00116,0.37903,0.55933
2425,0.73572,0.00079,0.37964,0.56079
2435,0.73425,0.00330,0.38025,0.56226
2445,0.73273,0.00592,0.38098,0.56378
2456,0.73102,0.00842,0.38190,0.56531
2465,0.72925,0.01068,0.38293,0.56683
2474,0.72736,0.01257,0.38403,0.56848
2485,0.72552,0.01404,0.38483,0.57031
2495,0.72363,0.01532,0.38538,0.57233
2506,0.72162,0.01654,0.38574,0.57452
2515,0.71948,0.01782,0.38617,0.57690
2524,0.71716,0.01917,0.38684,0.57928
2535,0.71472,0.02069,0.38776,0.58160
2544,0.71228,0.02258,0.38885,0.58380
2555,0.70972,0.02478,0.39008,0.58600
2565,0.70703,0.02716,0.39130,0.58832
2576,0.70422,0.02966,0.39246,0.59082
2585,0.70129,0.03198,0.39362,0.59338
2594,0.69824,0.03394,0.39471,0.59619
2605,0.69513,0.03558,0.39569,0.59906
2615,0.69196,0.03717,0.39661,0.60205
2626,0.68872,0.03864,0.39740,0.60510
2635,0.68530,0.04010,0.39819,0.60834
2644,0.68182,0.04163,0.39893,0.61169
2655,0.67804,0.04303,0.39966,0.61523
2665,0.67413,0.04401,0.40051,0.61896
2675,0.67004,0.04468,0.40161,0.62262
2685,0.66595,0.04523,0.40283,0.62616
2694,0.66180,0.04584,0.40424,0.62958
2705,0.65784,0.04651,0.40564,0.63275
2714,0.65417,0.04742,0.40668,0.63586
2725,0.65088,0.04852,0.40704,0.63892
2735,0.64789,0.04980,0.40649,0.64215
2744,0.64520,0.05121,0.40515,0.64563
2755,0.64264,0.05249,0.40326,0.64929
2764,0.63995,0.05359,0.40118,0.65308
2775,0.63702,0.05438,0.39935,0.65698
2785,0.63361,0.05469,0.39819,0.66095
2795,0.62988,0.05444,0.39777,0.66479
2805,0.62604,0.05383,0.39807,0.66827
2814,0.62262,0.05280,0.39868,0.67120
2825,0.61987,0.05194,0.39935,0.67340
2834,0.61749,0.05206,0.40015,0.67511
2845,0.61517,0.05334,0.40094,0.67664
2855,0.61279,0.05573,0.40155,0.67828
2864,0.61023,0.05847,0.40161,0.68036
2875,0.60767,0.06085,0.40106,0.68268
2884,0.60510,0.06262,0.40027,0.68530
2895,0.60242,0.06348,0.39948,0.68799
2904,0.59967,0.06335,0.39880,0.69080
2914,0.59705,0.06256,0.39819,0.69348
2925,0.59473,0.06189,0.39746,0.69598
2934,0.59265,0.06183,0.39648,0.69830
2945,0.59076,0.06268,0.39563,0.70032
2954,0.58887,0.06451,0.39514,0.70203
2965,0.58698,0.06696,0.39502,0.70343
2975,0.58514,0.06964,0.39502,0.70471
2984,0.58344,0.07196,0.39447,0.70624
2995,0.58197,0.07330,0.39288,0.70813
3004,0.58093,0.07336,0.39001,0.71057
3015,0.58038,0.07239,0.38593,0.71332
3024,0.58044,0.07092,0.38092,0.71613
3034,0.58075,0.06958,0.37549,0.71887
3045,0.58112,0.06879,0.37024,0.72137
3054,0.58136,0.06860,0.36560,0.72357
3065,0.58136,0.06903,0.36194,0.72534
3074,0.58118,0.06995,0.35919,0.72675
3084,0.58087,0.07117,0.35736,0.72778
3095,0.58038,0.07239,0.35632,0.72858
3104,0.57983,0.07355,0.35565,0.72925
3115,0.57935,0.07465,0.35516,0.72974
3124,0.57892,0.07605,0.35486,0.73010
3134,0.57849,0.07782,0.35468,0.73029
3145,0.57800,0.07990,0.35468,0.73047
3154,0.57733,0.08221,0.35510,0.73053
3165,0.57648,0.08472,0.35608,0.73053
3174,0.57550,0.08704,0.35754,0.73029
3185,0.57440,0.08899,0.35944,0.72992
3195,0.57349,0.09027,0.36133,0.72961
3204,0.57269,0.09082,0.36310,0.72925
3215,0.57227,0.09088,0.36450,0.72888
3224,0.57220,0.09100,0.36548,0.72845
3234,0.57239,0.09131,0.36621,0.72791
3245,0.57263,0.09198,0.36688,0.72723
3254,0.57288,0.09296,0.36780,0.72650
3265,0.57288,0.09406,0.36920,0.72559
3274,0.57269,0.09515,0.37103,0.72467
3283,0.57239,0.09570,0.37305,0.72388
3294,0.57214,0.09540,0.37482,0.72321
3304,0.57227,0.09418,0.37598,0.72266
3315,0.57300,0.09265,0.37634,0.72205
3324,0.57422,0.09119,0.37592,0.72150
3333,0.57593,0.09003,0.37488,0.72083
3344,0.57776,0.08923,0.37347,0.72015
3354,0.57947,0.08862,0.37225,0.71948
3365,0.58099,0.08789,0.37152,0.71875
3374,0.58215,0.08691,0.37140,0.71802
3383,0.58313,0.08551,0.37189,0.71710
3394,0.58405,0.08386,0.37292,0.71600
3404,0.58521,0.08209,0.37396,0.71472
3415,0.58667,0.08051,0.37488,0.71326
3424,0.58838,0.07928,0.37555,0.71161
3435,0.59033,0.07843,0.37585,0.70990
3444,0.59229,0.07794,0.37604,0.70825
3454,0.59424,0.07758,0.37616,0.70654
3465,0.59613,0.07703,0.37640,0.70490
3474,0.59790,0.07623,0.37677,0.70331
3483,0.59949,0.07520,0.37744,0.70172
3494,0.60095,0.07373,0.37817,0.70020
3504,0.60248,0.07196,0.37891,0.69867
3513,0.60425,0.07025,0.37933,0.69708
3524,0.60608,0.06885,0.37952,0.69550
3533,0.60809,0.06805,0.37952,0.69391
3544,0.61005,0.06750,0.37952,0.69220
3554,0.61188,0.06696,0.37970,0.69055
3564,0.61365,0.06592,0.38019,0.68884
3574,0.61542,0.06433,0.38080,0.68707
3585,0.61731,0.06226,0.38147,0.68518
3594,0.61938,0.05994,0.38208,0.68317
3605,0.62152,0.05768,0.38269,0.68103
3614,0.62366,0.05585,0.38342,0.67883
3624,0.62561,0.05438,0.38428,0.67670
3633,0.62750,0.05328,0.38525,0.67444
3644,0.62933,0.05225,0.38629,0.67218
3653,0.63135,0.05115,0.38739,0.66980
3664,0.63348,0.04980,0.38843,0.66724
3673,0.63580,0.04846,0.38940,0.66455
3684,0.63824,0.04724,0.39026,0.66180
3693,0.64069,0.04614,0.39124,0.65900
3704,0.64307,0.04523,0.39221,0.65613
3713,0.64539,0.04437,0.39349,0.65314
3724,0.64758,0.04376,0.39490,0.65009
3733,0.64978,0.04333,0.39648,0.64697
3744,0.65192,0.04309,0.39801,0.64392
3754,0.65399,0.04297,0.39954,0.64087
3763,0.65588,0.04291,0.40106,0.63800
3774,0.65753,0.04272,0.40259,0.63538
3783,0.65906,0.04230,0.40393,0.63287
3794,0.66058,0.04175,0.40515,0.63062
3804,0.66211,0.04120,0.40607,0.62842
3813,0.66364,0.04059,0.40674,0.62646
3824,0.66516,0.03979,0.40710,0.62463
3833,0.66675,0.03882,0.40717,0.62292
3844,0.66840,0.03766,0.40710,0.62128
3853,0.67004,0.03619,0.40704,0.61963
3863,0.67163,0.03473,0.40710,0.61792
3874,0.67310,0.03351,0.40765,0.61609
3883,0.67426,0.03265,0.40881,0.61407
3894,0.67511,0.03223,0.41064,0.61194
3903,0.67560,0.03210,0.41290,0.60980
3914,0.67609,0.03210,0.41528,0.60773
3924,0.67651,0.03168,0.41711,0.60602
3933,0.67700,0.03064,0.41803,0.60492
3944,0.67755,0.02911,0.41815,0.60425
3953,0.67804,0.02747,0.41785,0.60400
3964,0.67834,0.02600,0.41754,0.60394
3973,0.67841,0.02484,0.41742,0.60400
3983,0.67822,0.02399,0.41748,0.60419
3994,0.67786,0.02338,0.41791,0.60437
4003,0.67737,0.02319,0.41840,0.60449
4014,0.67682,0.02356,0.41882,0.60486
4023,0.67621,0.02417,0.41931,0.60516
4034,0.67548,0.02484,0.41986,0.60559
4043,0.67487,0.02563,0.42023,0.60602
4053,0.67432,0.02649,0.42035,0.60651
4064,0.67389,0.02716,0.42010,0.60706
4073,0.67365,0.02765,0.41943,0.60785
4084,0.67346,0.02771,0.41827,0.60883
4093,0.67346,0.02734,0.41669,0.60992
4104,0.67346,0.02679,0.41492,0.61108
4113,0.67358,0.02625,0.41321,0.61218
4123,0.67352,0.02600,0.41180,0.61316
4134,0.67334,0.02600,0.41083,0.61401
4143,0.67303,0.02631,0.41034,0.61469
4154,0.67249,0.02679,0.41034,0.61523
4163,0.67200,0.02740,0.41064,0.61560
4173,0.67145,0.02802,0.41101,0.61591
4184,0.67108,0.02869,0.41132,0.61609
4193,0.67084,0.02930,0.41138,0.61627
4204,0.67065,0.02985,0.41144,0.61639
4213,0.67059,0.03052,0.41138,0.61652
4223,0.67041,0.03113,0.41138,0.61664
4232,0.67023,0.03168,0.41150,0.61670
4243,0.66998,0.03223,0.41180,0.61676
4252,0.66968,0.03265,0.41223,0.61682
4264,0.66937,0.03308,0.41266,0.61682
4273,0.66907,0.03345,0.41309,0.61688
4282,0.66876,0.03400,0.41345,0.61688
4294,0.66858,0.03455,0.41376,0.61688
4303,0.66840,0.03510,0.41394,0.61688
4314,0.66821,0.03552,0.41406,0.61700
4323,0.66803,0.03583,0.41406,0.61713
4333,0.66791,0.03601,0.41406,0.61731
4344,0.66779,0.03619,0.41400,0.61743
4353,0.66772,0.03638,0.41400,0.61749
4362,0.66766,0.03644,0.41406,0.61755
4374,0.66766,0.03656,0.41406,0.61749
4383,0.66779,0.03687,0.41400,0.61743
4394,0.66785,0.03723,0.41388,0.61743
4403,0.66785,0.03760,0.41382,0.61743
4412,0.66772,0.03796,0.41388,0.61749
4423,0.66760,0.03821,0.41412,0.61749
4433,0.66736,0.03845,0.41443,0.61749
4444,0.66718,0.03876,0.41486,0.61737
4453,0.66699,0.03912,0.41516,0.61731
4462,0.66687,0.03943,0.41528,0.61737
4473,0.66681,0.03967,0.41522,0.61743
4483,0.66681,0.03979,0.41504,0.61755
4494,0.66687,0.03973,0.41473,0.61774
4503,0.66699,0.03961,0.41437,0.61786
4512,0.66711,0.03949,0.41412,0.61792
4523,0.66718,0.03955,0.41400,0.61792
4532,0.66718,0.03973,0.41400,0.61792
4544,0.66711,0.04004,0.41412,0.61786
4553,0.66705,0.04059,0.41431,0.61780
4562,0.66699,0.04126,0.41455,0.61768
4573,0.66687,0.04199,0.41473,0.61755
4582,0.66681,0.04272,0.41504,0.61743
4593,0.66675,0.04340,0.41528,0.61725
4603,0.66669,0.04388,0.41565,0.61707
4614,0.66656,0.04425,0.41595,0.61694
4623,0.66644,0.04456,0.41626,0.61682
4632,0.66632,0.04480,0.41656,0.61676
4643,0.66614,0.04510,0.41687,0.61670
4653,0.66595,0.04535,0.41730,0.61658
4664,0.66583,0.04553,0.41772,0.61646
4673,0.66571,0.04565,0.41815,0.61627
4682,0.66559,0.04584,0.41852,0.61609
4693,0.66547,0.04620,0.41888,0.61603
4702,0.66534,0.04688,0.41907,0.61597
4713,0.66516,0.04767,0.41925,0.61597
4723,0.66492,0.04840,0.41949,0.61597
4732,0.66467,0.04907,0.41980,0.61597
4743,0.66443,0.04950,0.42017,0.61597
4752,0.66412,0.04974,0.42047,0.61609
4763,0.66382,0.04987,0.42065,0.61627
4773,0.66357,0.04999,0.42072,0.61652
4782,0.66339,0.05029,0.42053,0.61676
4793,0.66327,0.05078,0.42017,0.61713
4802,0.66321,0.05151,0.41974,0.61743
4813,0.66309,0.05237,0.41919,0.61786
4823,0.66296,0.05322,0.41864,0.61829
4832,0.66278,0.05408,0.41809,0.61884
4843,0.66254,0.05469,0.41754,0.61938
4852,0.66229,0.05518,0.41699,0.61993
4863,0.66211,0.05548,0.41650,0.62048
4873,0.66187,0.05566,0.41602,0.62103
4882,0.66156,0.05573,0.41571,0.62158
4893,0.66125,0.05585,0.41541,0.62207
4902,0.66095,0.05603,0.41516,0.62256
4913,0.66064,0.05640,0.41486,0.62305
4922,0.66034,0.05688,0.41455,0.62347
4932,0.66003,0.05737,0.41418,0.62402
4943,0.65979,0.05792,0.41376,0.62451
4952,0.65948,0.05841,0.41333,0.62506
4963,0.65918,0.05896,0.41278,0.62567
4972,0.65894,0.05945,0.41223,0.62628
4983,0.65857,0.05988,0.41174,0.62695
4993,0.65808,0.06036,0.41125,0.62769
5002,0.65759,0.06097,0.41077,0.62854
5013,0.65686,0.06171,0.41040,0.62946
5022,0.65601,0.06262,0.40997,0.63055
5033,0.65509,0.06366,0.40948,0.63165
5042,0.65436,0.06464,0.40887,0.63275
5052,0.65375,0.06549,0.40820,0.63373
5063,0.65320,0.06610,0.40729,0.63483
5072,0.65265,0.06641,0.40619,0.63605
5083,0.65210,0.06635,0.40503,0.63739
5092,0.65167,0.06598,0.40369,0.63867
5103,0.65131,0.06537,0.40234,0.63995
5112,0.65100,0.06482,0.40106,0.64111
5122,0.65063,0.06451,0.39996,0.64221
5133,0.65015,0.06458,0.39905,0.64325
5142,0.64954,0.06488,0.39825,0.64435
5153,0.64880,0.06519,0.39752,0.64551
5162,0.64825,0.06543,0.39667,0.64655
5172,0.64777,0.06555,0.39581,0.64752
5183,0.64746,0.06555,0.39496,0.64838
5192,0.64722,0.06537,0.39410,0.64917
5203,0.64691,0.06512,0.39325,0.65002
5212,0.64648,0.06476,0.39258,0.65088
5222,0.64594,0.06439,0.39197,0.65179
5233,0.64539,0.06409,0.39148,0.65265
5242,0.64484,0.06390,0.39111,0.65350
5253,0.64410,0.06360,0.39093,0.65436
5262,0.64343,0.06348,0.39075,0.65509
5271,0.64294,0.06366,0.39032,0.65582
5282,0.64258,0.06396,0.38983,0.65643
5292,0.64233,0.06439,0.38947,0.65686
5303,0.64203,0.06494,0.38928,0.65723
5312,0.64160,0.06543,0.38904,0.65771
5323,0.64117,0.06592,0.38885,0.65820
5332,0.64056,0.06659,0.38879,0.65881
5341,0.63983,0.06738,0.38879,0.65942
5353,0.63904,0.06848,0.38873,0.66010
5362,0.63824,0.06970,0.38861,0.66083
5373,0.63757,0.07086,0.38843,0.66144
5382,0.63702,0.07172,0.38831,0.66193
5391,0.63660,0.07227,0.38831,0.66229
5402,0.63629,0.07257,0.38824,0.66260
5412,0.63605,0.07269,0.38812,0.66290
5423,0.63580,0.07275,0.38788,0.66327
5432,0.63556,0.07294,0.38751,0.66370
5441,0.63525,0.07318,0.38721,0.66412
5452,0.63477,0.07336,0.38708,0.66461
5461,0.63422,0.07349,0.38715,0.66516
5472,0.63354,0.07349,0.38739,0.66559
5482,0.63293,0.07355,0.38770,0.66602
5493,0.63220,0.07373,0.38812,0.66644
5502,0.63147,0.07404,0.38861,0.66681
5511,0.63074,0.07440,0.38910,0.66718
5522,0.63000,0.07495,0.38953,0.66754
5532,0.62933,0.07556,0.38995,0.66791
5542,0.62860,0.07635,0.39026,0.66827
5552,0.62787,0.07709,0.39050,0.66870
5561,0.62732,0.07758,0.39056,0.66919
5572,0.62695,0.07776,0.39026,0.66968
5582,0.62683,0.07770,0.38965,0.67017
5593,0.62683,0.07733,0.38873,0.67072
5602,0.62701,0.07666,0.38770,0.67126
5612,0.62720,0.07593,0.38654,0.67188
5621,0.62732,0.07513,0.38550,0.67242
5632,0.62732,0.07452,0.38458,0.67297
5641,0.62720,0.07410,0.38391,0.67358
5652,0.62695,0.07367,0.38342,0.67407
5662,0.62683,0.07330,0.38312,0.67444
5671,0.62677,0.07294,0.38287,0.67468
5682,0.62677,0.07245,0.38263,0.67487
5691,0.62677,0.07190,0.38245,0.67499
5702,0.62689,0.07135,0.38232,0.67505
5712,0.62695,0.07086,0.38214,0.67505
5723,0.62708,0.07050,0.38208,0.67505
5732,0.62720,0.07019,0.38202,0.67499
5741,0.62732,0.06995,0.38208,0.67487
5752,0.62744,0.06989,0.38226,0.67468
5761,0.62750,0.06989,0.38251,0.67450
5772,0.62762,0.06989,0.38275,0.67426
5782,0.62769,0.06989,0.38306,0.67401
5791,0.62775,0.06989,0.38330,0.67383
5802,0.62793,0.06989,0.38342,0.67358
5811,0.62811,0.06995,0.38354,0.67334
5821,0.62836,0.06995,0.38354,0.67310
5832,0.62866,0.06995,0.38348,0.67285
5841,0.62885,0.06982,0.38348,0.67267
5852,0.62903,0.06970,0.38348,0.67255
5862,0.62915,0.06958,0.38361,0.67236
5871,0.62921,0.06946,0.38385,0.67218
5882,0.62933,0.06952,0.38416,0.67188
5891,0.62933,0.06970,0.38458,0.67163
5902,0.62921,0.07001,0.38513,0.67139
5911,0.62897,0.07025,0.38574,0.67120
5922,0.62866,0.07037,0.38641,0.67108
5932,0.62842,0.07037,0.38702,0.67102
5941,0.62823,0.07037,0.38739,0.67096
5952,0.62811,0.07043,0.38745,0.67102
5961,0.62799,0.07031,0.38733,0.67120
5972,0.62787,0.07007,0.38708,0.67151
5981,0.62775,0.06982,0.38690,0.67181
5991,0.62750,0.06964,0.38666,0.67218
6002,0.62726,0.06952,0.38635,0.67255
6011,0.62695,0.06940,0.38611,0.67297
6022,0.62665,0.06921,0.38593,0.67340
6031,0.62622,0.06903,0.38574,0.67389
6042,0.62579,0.06885,0.38562,0.67438
6051,0.62543,0.06873,0.38544,0.67487
6061,0.62518,0.06873,0.38519,0.67523
6072,0.62494,0.06891,0.38489,0.67566
6081,0.62463,0.06921,0.38458,0.67603
6092,0.62433,0.06964,0.38428,0.67645
6101,0.62390,0.07013,0.38416,0.67688
6111,0.62335,0.07062,0.38416,0.67731
6122,0.62268,0.07104,0.38440,0.67780
6131,0.62183,0.07147,0.38470,0.67834
6142,0.62085,0.07184,0.38501,0.67902
6151,0.61987,0.07214,0.38519,0.67975
6161,0.61884,0.07220,0.38513,0.68073
6172,0.61804,0.07190,0.38464,0.68176
6181,0.61737,0.07123,0.38379,0.68292
6192,0.61688,0.07043,0.38257,0.68414
6201,0.61633,0.06964,0.38116,0.68549
6211,0.61554,0.06897,0.37946,0.68719
6222,0.61456,0.06812,0.37756,0.68921
6231,0.61353,0.06714,0.37518,0.69153
6242,0.61237,0.06592,0.37250,0.69409
6251,0.61127,0.06451,0.36926,0.69696
6261,0.61035,0.06293,0.36560,0.69983
6272,0.60968,0.06134,0.36182,0.70251
6281,0.60938,0.06000,0.35809,0.70477
6292,0.60931,0.05920,0.35468,0.70667
6301,0.60956,0.05914,0.35150,0.70801
6310,0.60986,0.05969,0.34857,0.70917
6321,0.61017,0.06061,0.34558,0.71027
6331,0.61053,0.06134,0.34241,0.71143
6340,0.61121,0.06177,0.33862,0.71265
6351,0.61249,0.06207,0.33386,0.71375
6361,0.61469,0.06213,0.32806,0.71454
6372,0.61755,0.06146,0.32172,0.71503
6381,0.62067,0.05988,0.31525,0.71533
6390,0.62384,0.05725,0.30920,0.71545
6401,0.62701,0.05377,0.30389,0.71521
6410,0.63013,0.04980,0.29980,0.71448
6421,0.63300,0.04596,0.29694,0.71338
6431,0.63544,0.04266,0.29529,0.71210
6440,0.63751,0.04028,0.29468,0.71063
6451,0.63928,0.03906,0.29480,0.70905
6461,0.64099,0.03882,0.29523,0.70734
6472,0.64276,0.03912,0.29565,0.70557
6481,0.64459,0.03931,0.29590,0.70380
6490,0.64655,0.03870,0.29584,0.70203
6501,0.64874,0.03680,0.29523,0.70032
6511,0.65125,0.03369,0.29419,0.69867
6520,0.65381,0.02972,0.29279,0.69702
6531,0.65637,0.02557,0.29126,0.69537
6541,0.65912,0.02209,0.29016,0.69336
6552,0.66187,0.01978,0.28998,0.69092
6561,0.66455,0.01849,0.29071,0.68805
6570,0.66711,0.01801,0.29218,0.68494
6581,0.66962,0.01788,0.29413,0.68164
6591,0.67200,0.01776,0.29633,0.67834
6601,0.67438,0.01727,0.29858,0.67505
6611,0.67664,0.01630,0.30096,0.67169
6620,0.67889,0.01495,0.30347,0.66840
6631,0.68109,0.01312,0.30566,0.66516
6640,0.68341,0.01111,0.30731,0.66205
6651,0.68579,0.00897,0.30841,0.65906
6661,0.68817,0.00696,0.30908,0.65631
6670,0.69025,0.00507,0.30994,0.65375
6681,0.69202,0.00323,0.31110,0.65131
6691,0.69348,0.00165,0.31256,0.64905
6701,0.69482,0.00037,0.31427,0.64679
6711,0.69604,-0.00061,0.31610,0.64459
6720,0.69720,-0.00146,0.31781,0.64252
6731,0.69849,-0.00214,0.31934,0.64038
6741,0.69989,-0.00256,0.32062,0.63818
6750,0.70135,-0.00269,0.32184,0.63593
6761,0.70276,-0.00269,0.32324,0.63373
6770,0.70392,-0.00281,0.32471,0.63159
6781,0.70496,-0.00317,0.32611,0.62976
6791,0.70587,-0.00391,0.32733,0.62811
6801,0.70679,-0.00488,0.32831,0.62653
6811,0.70789,-0.00580,0.32904,0.62488
6820,0.70911,-0.00641,0.32953,0.62323
6831,0.71027,-0.00665,0.33014,0.62164
6841,0.71112,-0.00647,0.33118,0.62006
6850,0.71167,-0.00592,0.33270,0.61859
6861,0.71210,-0.00482,0.33447,0.61719
6870,0.71234,-0.00330,0.33624,0.61591
6881,0.71246,-0.00165,0.33807,0.61487
6890,0.71252,0.00012,0.33960,0.61389
6900,0.71271,0.00195,0.34082,0.61298
6911,0.71283,0.00378,0.34204,0.61218
6920,0.71289,0.00549,0.34320,0.61145
6931,0.71277,0.00732,0.34436,0.61096
6940,0.71246,0.00909,0.34552,0.61060
6951,0.71210,0.01086,0.34662,0.61035
6960,0.71161,0.01257,0.34778,0.61023
6970,0.71106,0.01410,0.34888,0.61023
6981,0.71045,0.01532,0.34985,0.61035
6990,0.70978,0.01617,0.35071,0.61060
7000,0.70923,0.01654,0.35132,0.61090
7011,0.70886,0.01660,0.35156,0.61121
7020,0.70856,0.01642,0.35181,0.61139
7031,0.70819,0.01630,0.35211,0.61169
7040,0.70764,0.01642,0.35266,0.61194
7051,0.70709,0.01691,0.35333,0.61218
7060,0.70648,0.01801,0.35425,0.61237
7070,0.70575,0.01953,0.35522,0.61255
7081,0.70508,0.02094,0.35602,0.61279
7090,0.70447,0.02222,0.35663,0.61316
7101,0.70392,0.02313,0.35693,0.61353
7110,0.70349,0.02368,0.35706,0.61395
7120,0.70325,0.02405,0.35693,0.61432
7131,0.70306,0.02417,0.35663,0.61469
7140,0.70300,0.02441,0.35626,0.61499
7151,0.70276,0.02490,0.35602,0.61536
7160,0.70245,0.02588,0.35602,0.61566
7170,0.70197,0.02728,0.35632,0.61603
7181,0.70129,0.02899,0.35699,0.61627
7190,0.70038,0.03094,0.35809,0.61664
7201,0.69928,0.03296,0.35925,0.61707
7210,0.69812,0.03491,0.36041,0.61755
7219,0.69702,0.03674,0.36121,0.61823
7230,0.69592,0.03845,0.36169,0.61908
7240,0.69489,0.03992,0.36182,0.62012
7251,0.69391,0.04108,0.36157,0.62128
7260,0.69299,0.04181,0.36102,0.62250
7270,0.69214,0.04224,0.36047,0.62384
7281,0.69116,0.04266,0.36005,0.62512
7290,0.69000,0.04315,0.35999,0.62634
7299,0.68866,0.04395,0.36017,0.62769
7310,0.68713,0.04480,0.36053,0.62909
7319,0.68555,0.04584,0.36096,0.63049
7331,0.68390,0.04700,0.36157,0.63190
7340,0.68213,0.04834,0.36224,0.63324
7349,0.68036,0.04999,0.36298,0.63464
7360,0.67859,0.05200,0.36377,0.63593
7370,0.67670,0.05426,0.36469,0.63721
7381,0.67487,0.05658,0.36560,0.63849
7390,0.67285,0.05878,0.36664,0.63977
7399,0.67065,0.06073,0.36780,0.64124
7410,0.66833,0.06219,0.36884,0.64288
7420,0.66595,0.06311,0.36969,0.64478
7430,0.66357,0.06354,0.37018,0.64685
7440,0.66132,0.06360,0.37042,0.64905
7449,0.65912,0.06354,0.37054,0.65125
7460,0.65686,0.06360,0.37061,0.65350
7470,0.65448,0.06384,0.37073,0.65576
7481,0.65186,0.06445,0.37109,0.65808
7490,0.64905,0.06537,0.37164,0.66046
7499,0.64618,0.06659,0.37238,0.66278
7510,0.64325,0.06799,0.37335,0.66492
7519,0.64014,0.06964,0.37439,0.66711
7530,0.63696,0.07141,0.37555,0.66937
7540,0.63367,0.07294,0.37683,0.67157
7550,0.63031,0.07416,0.37817,0.67383
7561,0.62708,0.07489,0.37927,0.67615
7570,0.62408,0.07520,0.37994,0.67853
7579,0.62128,0.07507,0.38025,0.68097
7590,0.61859,0.07440,0.38025,0.68347
7600,0.61591,0.07300,0.38031,0.68597
7611,0.61328,0.07111,0.38055,0.68835
7620,0.61066,0.06915,0.38104,0.69067
7629,0.60785,0.06757,0.38165,0.69293
7640,0.60498,0.06641,0.38239,0.69519
7649,0.60205,0.06543,0.38324,0.69733
7660,0.59924,0.06451,0.38428,0.69928
7670,0.59644,0.06378,0.38544,0.70111
7679,0.59357,0.06335,0.38666,0.70288
7690,0.59070,0.06317,0.38788,0.70465
7699,0.58777,0.06305,0.38898,0.70648
7710,0.58508,0.06268,0.38983,0.70831
7719,0.58252,0.06219,0.39026,0.71021
7730,0.58008,0.06152,0.39044,0.71216
7740,0.57782,0.06061,0.39038,0.71411
7749,0.57562,0.05981,0.39026,0.71606
7760,0.57330,0.05920,0.39032,0.71790
7770,0.57098,0.05896,0.39069,0.71954
7779,0.56866,0.05914,0.39111,0.72119
7790,0.56647,0.05951,0.39142,0.72272
7800,0.56445,0.06000,0.39142,0.72418
7809,0.56268,0.06030,0.39099,0.72577
7820,0.56110,0.06030,0.39008,0.72748
7829,0.55963,0.06012,0.38885,0.72931
7840,0.55829,0.05975,0.38751,0.73108
7850,0.55695,0.05920,0.38617,0.73285
7859,0.55566,0.05841,0.38495,0.73456
7870,0.55457,0.05725,0.38373,0.73608
7879,0.55365,0.05591,0.38263,0.73743
7890,0.55292,0.05444,0.38153,0.73865
7900,0.55243,0.05310,0.38037,0.73975
7909,0.55212,0.05212,0.37933,0.74054
7920,0.55200,0.05151,0.37854,0.74115
7929,0.55194,0.05115,0.37793,0.74152
7940,0.55182,0.05066,0.37756,0.74176
7950,0.55188,0.04993,0.37738,0.74188
7959,0.55206,0.04901,0.37714,0.74194
7970,0.55249,0.04785,0.37677,0.74188
7980,0.55310,0.04657,0.37628,0.74176
7989,0.55377,0.04535,0.37573,0.74164
8000,0.55450,0.04413,0.37512,0.74146
8009,0.55518,0.04303,0.37463,0.74127
8019,0.55585,0.04199,0.37439,0.74097
8030,0.55646,0.04108,0.37427,0.74060
8039,0.55713,0.04022,0.37433,0.74011
8050,0.55768,0.03949,0.37451,0.73962
8059,0.55823,0.03864,0.37469,0.73920
8069,0.55872,0.03772,0.37476,0.73883
8079,0.55927,0.03662,0.37463,0.73853
8089,0.55975,0.03558,0.37445,0.73828
8100,0.56036,0.03461,0.37427,0.73798
8109,0.56097,0.03394,0.37415,0.73761
8118,0.56158,0.03351,0.37415,0.73718
8129,0.56219,0.03333,0.37421,0.73669
8139,0.56281,0.03314,0.37439,0.73615
8150,0.56329,0.03296,0.37463,0.73560
8159,0.56366,0.03265,0.37500,0.73517
8170,0.56396,0.03210,0.37537,0.73474
8179,0.56433,0.03149,0.37555,0.73444
8189,0.56470,0.03088,0.37555,0.73419
8200,0.56519,0.03040,0.37537,0.73389
8209,0.56567,0.02991,0.37524,0.73358
8220,0.56628,0.02942,0.37518,0.73322
8229,0.56689,0.02899,0.37518,0.73273
8238,0.56763,0.02863,0.37524,0.73218
8249,0.56836,0.02832,0.37537,0.73157
8259,0.56915,0.02820,0.37543,0.73090
8270,0.56995,0.02826,0.37543,0.73029
8279,0.57086,0.02838,0.37537,0.72961
8289,0.57178,0.02850,0.37518,0.72894
8299,0.57275,0.02850,0.37494,0.72827
8309,0.57385,0.02838,0.37469,0.72760
8320,0.57489,0.02814,0.37463,0.72681
8329,0.57593,0.02777,0.37482,0.72589
8338,0.57697,0.02740,0.37518,0.72491
8349,0.57794,0.02734,0.37573,0.72388
8359,0.57898,0.02747,0.37628,0.72272
8370,0.58026,0.02783,0.37665,0.72150
8379,0.58173,0.02850,0.37671,0.72021
8390,0.58356,0.02936,0.37653,0.71881
8399,0.58557,0.03040,0.37616,0.71735
8408,0.58771,0.03143,0.37567,0.71582
8419,0.58984,0.03229,0.37518,0.71429
8429,0.59198,0.03290,0.37476,0.71271
8440,0.59399,0.03345,0.37457,0.71106
8449,0.59595,0.03381,0.37457,0.70941
8458,0.59802,0.03406,0.37488,0.70752
8469,0.60010,0.03418,0.37524,0.70557
8479,0.60248,0.03406,0.37549,0.70337
8488,0.60535,0.03394,0.37512,0.70111
8499,0.60876,0.03387,0.37390,0.69885
8508,0.61237,0.03381,0.37219,0.69659
8519,0.61584,0.03369,0.37054,0.69446
8529,0.61896,0.03363,0.36938,0.69226
8538,0.62158,0.03357,0.36926,0.68994
8549,0.62366,0.03381,0.37012,0.68762
8558,0.62537,0.03436,0.37189,0.68512
8570,0.62695,0.03461,0.37415,0.68237
8579,0.62909,0.03387,0.37573,0.67957
8588,0.63214,0.03217,0.37573,0.67682
8599,0.63599,0.03015,0.37360,0.67450
8609,0.64020,0.02832,0.36969,0.67273
8618,0.64429,0.02673,0.36530,0.67126
8629,0.64789,0.02533,0.36151,0.66992
8638,0.65070,0.02441,0.35925,0.66852
8649,0.65247,0.02393,0.35901,0.66687
8659,0.65338,0.02350,0.36096,0.66498
8668,0.65363,0.02252,0.36432,0.66290
8679,0.65381,0.02057,0.36786,0.66077
8688,0.65485,0.01764,0.37024,0.65851
8699,0.65698,0.01434,0.37018,0.65656
8709,0.65979,0.01141,0.36743,0.65533
8718,0.66284,0.00903,0.36322,0.65466
8729,0.66553,0.00739,0.35944,0.65399
8738,0.66748,0.00677,0.35748,0.65314
8749,0.66827,0.00690,0.35785,0.65204
8758,0.66797,0.00690,0.36060,0.65088
8768,0.66681,0.00604,0.36493,0.64966
8779,0.66553,0.00427,0.36957,0.64838
8788,0.66473,0.00238,0.37317,0.64709
8799,0.66473,0.00073,0.37512,0.64606
8808,0.66553,-0.00031,0.37543,0.64502
8818,0.66663,-0.00067,0.37531,0.64392
8829,0.66736,-0.00085,0.37573,0.64288
8838,0.66742,-0.00128,0.37701,0.64209
8849,0.66656,-0.00226,0.37946,0.64160
8858,0.66479,-0.00415,0.38300,0.64130
8869,0.66248,-0.00745,0.38727,0.64105
8879,0.66040,-0.01166,0.39117,0.64081
8888,0.65906,-0.01581,0.39386,0.64044
8899,0.65839,-0.01959,0.39551,0.64001
8908,0.65619,-0.02490,0.39905,0.63989
8919,0.64545,-0.03674,0.41357,0.64099
8929,0.63373,-0.04980,0.42847,0.64203
8938,0.62262,-0.06494,0.44489,0.64038
8949,0.61218,-0.07800,0.46051,0.63794
8958,0.60291,-0.08832,0.47394,0.63562
8969,0.59460,-0.09698,0.48596,0.63312
8978,0.58673,-0.10449,0.49652,0.63104
8988,0.57947,-0.11121,0.50562,0.62933
8999,0.57349,-0.11700,0.51373,0.62720
9008,0.56891,-0.12158,0.52075,0.62476
9019,0.56549,-0.12512,0.52588,0.62280
9028,0.56378,-0.12793,0.52869,0.62146
9038,0.56329,-0.12952,0.52997,0.62048
9049,0.56360,-0.12939,0.53009,0.62012
9058,0.56421,-0.12781,0.52997,0.61993
9069,0.56543,-0.12537,0.52972,0.61963
9078,0.56714,-0.12201,0.52899,0.61926
9089,0.56909,-0.11859,0.52777,0.61920
9098,0.57117,-0.11554,0.52588,0.61951
9108,0.57312,-0.11304,0.52386,0.61987
9119,0.57458,-0.11133,0.52234,0.62012
9128,0.57574,-0.11005,0.52112,0.62030
9139,0.57648,-0.10895,0.52026,0.62048
9148,0.57690,-0.10779,0.51978,0.62073
9159,0.57745,-0.10620,0.51929,0.62091
9168,0.57812,-0.10425,0.51868,0.62115
9178,0.57892,-0.10217,0.51782,0.62146
9189,0.57990,-0.09998,0.51672,0.62183
9198,0.58075,-0.09796,0.51550,0.62231
9209,0.58148,-0.09650,0.51410,0.62299
9218,0.58221,-0.09540,0.51257,0.62372
9227,0.58301,-0.09448,0.51086,0.62463
9238,0.58380,-0.09351,0.50903,0.62549
9248,0.58435,-0.09277,0.50763,0.62622
9259,0.58459,-0.09241,0.50665,0.62683
9268,0.58496,-0.09222,0.50562,0.62738
9279,0.58539,-0.09210,0.50446,0.62793
9288,0.58569,-0.09186,0.50342,0.62848
9298,0.58594,-0.09137,0.50250,0.62909
9309,0.58624,-0.09082,0.50165,0.62958
9318,0.58667,-0.09021,0.50085,0.62988
9329,0.58704,-0.08948,0.50006,0.63025
9338,0.58752,-0.08868,0.49896,0.63074
9347,0.58844,-0.08813,0.49719,0.63141
9358,0.58960,-0.08783,0.49512,0.63202
9368,0.59113,-0.08771,0.49249,0.63263
9379,0.59314,-0.08722,0.48938,0.63324
9388,0.59534,-0.08649,0.48590,0.63397
9397,0.59766,-0.08539,0.48230,0.63470
9408,0.60004,-0.08411,0.47876,0.63525
9417,0.60236,-0.08295,0.47552,0.63568
9428,0.60437,-0.08221,0.47253,0.63605
9438,0.60645,-0.08179,0.46954,0.63635
9449,0.60870,-0.08154,0.46631,0.63660
9458,0.61121,-0.08118,0.46295,0.63678
9467,0.61377,-0.08057,0.45941,0.63684
9478,0.61646,-0.07983,0.45599,0.63684
9488,0.61908,-0.07904,0.45282,0.63666
9499,0.62170,-0.07825,0.45001,0.63617
9508,0.62421,-0.07739,0.44757,0.63556
9517,0.62659,-0.07666,0.44531,0.63489
9528,0.62891,-0.07629,0.44299,0.63428
9537,0.63177,-0.07617,0.43994,0.63361
9548,0.63501,-0.07581,0.43622,0.63293
9558,0.63855,-0.07544,0.43231,0.63208
9569,0.64233,-0.07495,0.42853,0.63092
9578,0.64612,-0.07416,0.42480,0.62970
9587,0.64990,-0.07306,0.42114,0.62836
9598,0.65344,-0.07166,0.41797,0.62701
9607,0.65668,-0.06982,0.41498,0.62573
9618,0.65973,-0.06775,0.41217,0.62463
9628,0.66266,-0.06555,0.40942,0.62360
9637,0.66553,-0.06378,0.40668,0.62250
9648,0.66858,-0.06256,0.40381,0.62122
9657,0.67181,-0.06189,0.40070,0.61981
9668,0.67517,-0.06146,0.39703,0.61859
9677,0.67828,-0.06097,0.39331,0.61755
9688,0.68109,-0.06061,0.38977,0.61682
9698,0.68347,-0.06061,0.38660,0.61621
9707,0.68561,-0.06091,0.38342,0.61572
9718,0.68768,-0.06134,0.38013,0.61542
9727,0.68964,-0.06213,0.37689,0.61517
9738,0.69135,-0.06317,0.37408,0.61487
9748,0.69287,-0.06421,0.37189,0.61438
9758,0.69409,-0.06500,0.37048,0.61371
9768,0.69495,-0.06549,0.36993,0.61298
9777,0.69550,-0.06598,0.37012,0.61224
9788,0.69592,-0.06616,0.37061,0.61139
9797,0.69659,-0.06567,0.37097,0.61053
9808,0.69739,-0.06433,0.37103,0.60968
9818,0.69812,-0.06238,0.37067,0.60931
9827,0.69867,-0.06018,0.36993,0.60938
9838,0.69897,-0.05798,0.36890,0.60980
9847,0.69928,-0.05615,0.36774,0.61035
9858,0.69946,-0.05457,0.36664,0.61096
9867,0.69928,-0.05316,0.36572,0.61182
9878,0.69867,-0.05206,0.36542,0.61279
9888,0.69751,-0.05084,0.36603,0.61389
9897,0.69604,-0.04877,0.36719,0.61505
9908,0.69434,-0.04565,0.36859,0.61633
9917,0.69250,-0.04205,0.37000,0.61780
9928,0.69067,-0.03870,0.37097,0.61951
9937,0.68896,-0.03619,0.37122,0.62134
9947,0.68744,-0.03479,0.37079,0.62341
9958,0.68604,-0.03473,0.36981,0.62549
9967,0.68481,-0.03558,0.36865,0.62750
9978,0.68365,-0.03693,0.36768,0.62927
9987,0.68250,-0.03845,0.36707,0.63080
9997,0.68134,-0.03973,0.36700,0.63202
10008,0.68011,-0.04022,0.36731,0.63312
10017,0.67883,-0.03979,0.36768,0.63428
10028,0.67767,-0.03857,0.36798,0.63544
10037,0.67664,-0.03687,0.36792,0.63672
10047,0.67572,-0.03479,0.36761,0.63788
10057,0.67493,-0.03259,0.36737,0.63898
10067,0.67413,-0.03064,0.36725,0.64001
10078,0.67346,-0.02905,0.36719,0.64087
10087,0.67279,-0.02808,0.36700,0.64166
10098,0.67230,-0.02759,0.36658,0.64246
10107,0.67200,-0.02759,0.36591,0.64319
10117,0.67169,-0.02771,0.36530,0.64386
10128,0.67145,-0.02759,0.36493,0.64435
10137,0.67108,-0.02728,0.36505,0.64465
10148,0.67078,-0.02667,0.36548,0.64471
10157,0.67059,-0.02600,0.36609,0.64459
10166,0.67053,-0.02533,0.36658,0.64441
10177,0.67072,-0.02460,0.36664,0.64423
10187,0.67096,-0.02386,0.36639,0.64410
10198,0.67120,-0.02332,0.36615,0.64398
10207,0.67145,-0.02277,0.36603,0.64386
10218,0.67151,-0.02240,0.36615,0.64374
10227,0.67157,-0.02197,0.36652,0.64355
10236,0.67157,-0.02136,0.36688,0.64331
10247,0.67151,-0.02051,0.36719,0.64319
10257,0.67157,-0.01953,0.36755,0.64301
10268,0.67163,-0.01843,0.36798,0.64276
10277,0.67169,-0.01727,0.36841,0.64240
10288,0.67188,-0.01624,0.36884,0.64197
10297,0.67212,-0.01532,0.36932,0.64154
10306,0.67218,-0.01453,0.37006,0.64105
10317,0.67212,-0.01373,0.37085,0.64069
10327,0.67200,-0.01300,0.37146,0.64044
10338,0.67194,-0.01227,0.37189,0.64026
10347,0.67194,-0.01147,0.37219,0.64014
10356,0.67194,-0.01080,0.37244,0.64001
10367,0.67188,-0.01025,0.37274,0.63989
10376,0.67175,-0.00989,0.37305,0.63983
10387,0.67169,-0.00977,0.37335,0.63971
10397,0.67169,-0.00983,0.37347,0.63965
10408,0.67175,-0.01013,0.37341,0.63959
10417,0.67188,-0.01044,0.37323,0.63959
10426,0.67194,-0.01062,0.37305,0.63959
10437,0.67206,-0.01074,0.37292,0.63959
10446,0.67212,-0.01074,0.37292,0.63953
10457,0.67218,-0.01031,0.37311,0.63934
10467,0.67224,-0.00952,0.37347,0.63910
10478,0.67230,-0.00836,0.37402,0.63873
10487,0.67230,-0.00690,0.37469,0.63831
10496,0.67230,-0.00519,0.37549,0.63788
10507,0.67230,-0.00323,0.37622,0.63745
10517,0.67224,-0.00110,0.37683,0.63721
10527,0.67218,0.00110,0.37714,0.63708
10537,0.67218,0.00311,0.37701,0.63715
10546,0.67218,0.00488,0.37646,0.63745
10557,0.67218,0.00641,0.37567,0.63794
10566,0.67212,0.00775,0.37451,0.63861
10577,0.67206,0.00916,0.37286,0.63965
10586,0.67175,0.01050,0.37097,0.64099
10597,0.67108,0.01141,0.36932,0.64264
10607,0.66998,0.01196,0.36823,0.64447
10616,0.66864,0.01208,0.36749,0.64618
10627,0.66748,0.01190,0.36713,0.64764
10637,0.66681,0.01166,0.36682,0.64850
10646,0.66650,0.01208,0.36621,0.64917
10657,0.66608,0.01355,0.36481,0.65033
10666,0.66553,0.01587,0.36249,0.65222
10677,0.66486,0.01862,0.35956,0.65436
10687,0.66418,0.02173,0.35663,0.65656
10696,0.66345,0.02496,0.35400,0.65863
10707,0.66248,0.02832,0.35217,0.66046
10717,0.66077,0.03180,0.35132,0.66241
10726,0.65833,0.03546,0.35138,0.66467
10737,0.65546,0.03943,0.35168,0.66711
10746,0.65271,0.04401,0.35175,0.66949
10757,0.65039,0.04938,0.35144,0.67151
10766,0.64862,0.05530,0.35083,0.67310
10777,0.64740,0.06128,0.34961,0.67438
10787,0.64636,0.06683,0.34784,0.67578
10796,0.64508,0.07190,0.34595,0.67743
10807,0.64301,0.07660,0.34454,0.67963
10816,0.64008,0.08099,0.34387,0.68225
10827,0.63617,0.08502,0.34418,0.68518
10837,0.63147,0.08844,0.34552,0.68842
10846,0.62659,0.09149,0.34698,0.69171
10856,0.62207,0.09424,0.34790,0.69501
10867,0.61835,0.09674,0.34778,0.69806
10877,0.61566,0.09924,0.34680,0.70050
10886,0.61383,0.10181,0.34589,0.70221
10897,0.61249,0.10425,0.34570,0.70312
10907,0.61108,0.10681,0.34674,0.70343
10916,0.60925,0.10907,0.34888,0.70361
10926,0.60693,0.11011,0.35205,0.70392
10937,0.60443,0.10956,0.35553,0.70435
10947,0.60229,0.10773,0.35864,0.70490
10956,0.60089,0.10504,0.36084,0.70538
10966,0.60028,0.10181,0.36188,0.70587
10977,0.60040,0.09821,0.36182,0.70630
10987,0.60107,0.09467,0.36072,0.70679
10996,0.60199,0.09149,0.35895,0.70734
11007,0.60284,0.08893,0.35699,0.70789
11017,0.60333,0.08710,0.35571,0.70837
11026,0.60327,0.08624,0.35547,0.70868
11037,0.60272,0.08612,0.35620,0.70874
11047,0.60205,0.08612,0.35760,0.70862
11056,0.60162,0.08582,0.35907,0.70825
11065,0.60181,0.08508,0.36011,0.70764
11077,0.60260,0.08386,0.36041,0.70697
11086,0.60376,0.08240,0.36011,0.70636
11096,0.60510,0.08087,0.35938,0.70575
11107,0.60632,0.07959,0.35858,0.70526
11116,0.60724,0.07874,0.35803,0.70477
11126,0.60785,0.07837,0.35797,0.70441
11137,0.60797,0.07831,0.35846,0.70404
11146,0.60773,0.07843,0.35938,0.70374
11156,0.60736,0.07849,0.36060,0.70349
11167,0.60693,0.07837,0.36176,0.70319
11177,0.60663,0.07806,0.36279,0.70294
11186,0.60651,0.07764,0.36359,0.70270
11196,0.60663,0.07739,0.36389,0.70251
11207,0.60687,0.07715,0.36371,0.70245
11216,0.60730,0.07684,0.36304,0.70245
11226,0.60785,0.07642,0.36212,0.70245
11237,0.60834,0.07599,0.36133,0.70251
11246,0.60870,0.07544,0.36078,0.70251
11256,0.60889,0.07483,0.36060,0.70251
11267,0.60883,0.07416,0.36084,0.70251
11276,0.60864,0.07336,0.36121,0.70251
11286,0.60852,0.07269,0.36176,0.70245
11297,0.60858,0.07227,0.36212,0.70221
11306,0.60883,0.07220,0.36243,0.70190
11316,0.60913,0.07233,0.36255,0.70154
11325,0.60950,0.07257,0.36249,0.70123
11337,0.60974,0.07263,0.36243,0.70105
11346,0.60999,0.07245,0.36243,0.70087
11355,0.61017,0.07208,0.36249,0.70068
11366,0.61035,0.07172,0.36267,0.70050
11376,0.61047,0.07141,0.36285,0.70032
11387,0.61072,0.07123,0.36298,0.70007
11396,0.61096,0.07123,0.36304,0.69983
11405,0.61121,0.07129,0.36316,0.69952
11416,0.61139,0.07141,0.36340,0.69922
11426,0.61145,0.07159,0.36383,0.69891
11435,0.61145,0.07178,0.36432,0.69867
11446,0.61127,0.07184,0.36505,0.69843
11456,0.61102,0.07178,0.36591,0.69818
11465,0.61078,0.07166,0.36670,0.69800
11476,0.61066,0.07153,0.36719,0.69794
11486,0.61066,0.07147,0.36731,0.69781
11496,0.61084,0.07141,0.36713,0.69775
11506,0.61121,0.07123,0.36682,0.69763
11515,0.61151,0.07098,0.36658,0.69751
11526,0.61169,0.07074,0.36652,0.69745
11536,0.61169,0.07062,0.36652,0.69739
11545,0.61163,0.07043,0.36682,0.69733
11556,0.61145,0.07025,0.36719,0.69733
11565,0.61127,0.07007,0.36755,0.69727
11576,0.61121,0.06976,0.36780,0.69727
11586,0.61127,0.06952,0.36786,0.69720
11595,0.61145,0.06946,0.36774,0.69708
11606,0.61169,0.06958,0.36761,0.69696
11615,0.61194,0.06976,0.36743,0.69684
11626,0.61212,0.06982,0.36743,0.69666
11635,0.61224,0.06970,0.36755,0.69647
11645,0.61230,0.06946,0.36792,0.69629
11656,0.61218,0.06921,0.36853,0.69604
11665,0.61212,0.06897,0.36920,0.69580
11676,0.61200,0.06873,0.36987,0.69556
11686,0.61200,0.06860,0.37042,0.69531
11695,0.61206,0.06866,0.37079,0.69507
11706,0.61212,0.06885,0.37097,0.69482
11715,0.61224,0.06915,0.37122,0.69464
11726,0.61224,0.06934,0.37146,0.69446
11735,0.61224,0.06940,0.37183,0.69427
11746,0.61212,0.06952,0.37231,0.69409
11756,0.61200,0.06964,0.37292,0.69385
11765,0.61188,0.06989,0.37360,0.69360
11776,0.61182,0.07025,0.37402,0.69336
11785,0.61188,0.07062,0.37427,0.69312
11796,0.61194,0.07086,0.37439,0.69299
11806,0.61200,0.07098,0.37439,0.69293
11815,0.61200,0.07092,0.37439,0.69293
11826,0.61194,0.07056,0.37457,0.69293
11835,0.61188,0.07001,0.37488,0.69287
11845,0.61176,0.06952,0.37524,0.69287
11856,0.61169,0.06934,0.37549,0.69281
11865,0.61176,0.06952,0.37543,0.69275
11876,0.61182,0.07007,0.37531,0.69269
11885,0.61182,0.07056,0.37524,0.69263
11895,0.61182,0.07086,0.37531,0.69263
11906,0.61176,0.07092,0.37531,0.69263
11915,0.61182,0.07062,0.37524,0.69269
11926,0.61188,0.06995,0.37506,0.69275
11935,0.61194,0.06909,0.37488,0.69287
11946,0.61200,0.06818,0.37476,0.69299
11955,0.61200,0.06744,0.37476,0.69305
11965,0.61206,0.06702,0.37469,0.69312
11976,0.61212,0.06702,0.37469,0.69305
11985,0.61218,0.06726,0.37476,0.69293
11996,0.61224,0.06769,0.37482,0.69281
12005,0.61230,0.06805,0.37488,0.69269
12014,0.61230,0.06812,0.37494,0.69263
12025,0.61230,0.06787,0.37494,0.69263
12035,0.61237,0.06738,0.37494,0.69269
12046,0.61237,0.06671,0.37494,0.69275
12056,0.61237,0.06598,0.37494,0.69275
12065,0.61243,0.06543,0.37506,0.69275
12076,0.61243,0.06512,0.37518,0.69269
12085,0.61249,0.06519,0.37549,0.69244
12095,0.61255,0.06555,0.37585,0.69220
12106,0.61243,0.06598,0.37646,0.69189
12115,0.61230,0.06641,0.37726,0.69159
12126,0.61206,0.06677,0.37811,0.69128
12135,0.61182,0.06702,0.37885,0.69104
12145,0.61169,0.06696,0.37927,0.69092
12155,0.61169,0.06665,0.37952,0.69086
12165,0.61169,0.06622,0.37952,0.69086
12176,0.61182,0.06567,0.37946,0.69086
12185,0.61200,0.06531,0.37933,0.69080
12194,0.61206,0.06512,0.37933,0.69073
12205,0.61212,0.06500,0.37946,0.69061
12215,0.61218,0.06494,0.37964,0.69049
12226,0.61224,0.06494,0.37994,0.69025
12235,0.61224,0.06494,0.38025,0.69006
12246,0.61218,0.06506,0.38068,0.68988
12255,0.61212,0.06519,0.38110,0.68976
12264,0.61194,0.06531,0.38153,0.68958
12275,0.61182,0.06512,0.38202,0.68945
12285,0.61182,0.06482,0.38232,0.68933
12296,0.61194,0.06445,0.38239,0.68921
12305,0.61218,0.06421,0.38226,0.68909
12314,0.61249,0.06403,0.38202,0.68896
12325,0.61279,0.06390,0.38184,0.68884
12335,0.61292,0.06390,0.38177,0.68872
12345,0.61292,0.06384,0.38196,0.68866
12355,0.61279,0.06378,0.38226,0.68860
12364,0.61267,0.06360,0.38263,0.68854
12375,0.61249,0.06335,0.38293,0.68854
12385,0.61237,0.06305,0.38312,0.68854
12396,0.61237,0.06274,0.38312,0.68860
12405,0.61243,0.06256,0.38287,0.68872
12414,0.61255,0.06238,0.38263,0.68878
12425,0.61267,0.06219,0.38245,0.68878
12435,0.61267,0.06207,0.38257,0.68872
12445,0.61261,0.06195,0.38281,0.68866
12455,0.61243,0.06189,0.38318,0.68860
12465,0.61224,0.06189,0.38354,0.68860
12476,0.61200,0.06183,0.38373,0.68866
12485,0.61182,0.06177,0.38373,0.68878
12494,0.61176,0.06165,0.38354,0.68903
12505,0.61176,0.06152,0.38324,0.68921
12515,0.61182,0.06128,0.38300,0.68933
12526,0.61188,0.06091,0.38275,0.68939
12535,0.61194,0.06055,0.38263,0.68945
12544,0.61200,0.06018,0.38263,0.68945
12555,0.61200,0.05981,0.38269,0.68945
12565,0.61194,0.05957,0.38287,0.68939
12575,0.61176,0.05951,0.38318,0.68939
12585,0.61163,0.05957,0.38348,0.68939
12594,0.61157,0.05981,0.38361,0.68933
12605,0.61163,0.05994,0.38354,0.68927
12614,0.61182,0.05981,0.38336,0.68927
12624,0.61206,0.05957,0.38293,0.68927
12635,0.61237,0.05908,0.38245,0.68933
12644,0.61261,0.05853,0.38202,0.68933
12655,0.61273,0.05823,0.38190,0.68933
12664,0.61273,0.05811,0.38196,0.68933
12675,0.61261,0.05804,0.38220,0.68927
12685,0.61255,0.05798,0.38239,0.68927
12694,0.61261,0.05780,0.38239,0.68921
12705,0.61285,0.05750,0.38220,0.68915
12714,0.61310,0.05719,0.38190,0.68915
12725,0.61328,0.05688,0.38165,0.68915
12735,0.61334,0.05670,0.38159,0.68909
12744,0.61334,0.05652,0.38177,0.68903
12755,0.61328,0.05646,0.38214,0.68884
12765,0.61322,0.05634,0.38257,0.68872
12774,0.61316,0.05615,0.38281,0.68866
12785,0.61328,0.05579,0.38287,0.68854
12794,0.61346,0.05530,0.38269,0.68854
12805,0.61365,0.05475,0.38251,0.68848
12814,0.61389,0.05426,0.38239,0.68842
12824,0.61395,0.05396,0.38232,0.68835
12835,0.61401,0.05396,0.38239,0.68835
12844,0.61395,0.05420,0.38251,0.68829
12855,0.61395,0.05444,0.38263,0.68817
12864,0.61395,0.05469,0.38269,0.68811
12874,0.61401,0.05475,0.38269,0.68811
12885,0.61407,0.05469,0.38257,0.68811
12894,0.61414,0.05438,0.38239,0.68811
12905,0.61432,0.05389,0.38220,0.68817
12914,0.61444,0.05334,0.38202,0.68817
12925,0.61450,0.05292,0.38196,0.68817
12934,0.61456,0.05261,0.38202,0.68811
12944,0.61462,0.05255,0.38220,0.68799
12955,0.61456,0.05261,0.38257,0.68781
12964,0.61450,0.05280,0.38300,0.68762
12975,0.61432,0.05292,0.38348,0.68750
12984,0.61420,0.05286,0.38391,0.68738
12995,0.61407,0.05267,0.38422,0.68732
13004,0.61414,0.05255,0.38416,0.68732
13014,0.61426,0.05255,0.38379,0.68738
13025,0.61432,0.05255,0.38336,0.68756
13034,0.61432,0.05249,0.38293,0.68781
13043,0.61426,0.05243,0.38263,0.68805
13054,0.61420,0.05225,0.38245,0.68823
13064,0.61401,0.05212,0.38239,0.68848
13074,0.61383,0.05200,0.38239,0.68860
13085,0.61365,0.05182,0.38245,0.68878
13094,0.61353,0.05164,0.38251,0.68884
13105,0.61353,0.05145,0.38245,0.68890
13114,0.61353,0.05139,0.38232,0.68896
13123,0.61359,0.05127,0.38214,0.68896
13134,0.61365,0.05121,0.38202,0.68903
13144,0.61377,0.05115,0.38184,0.68903
13155,0.61377,0.05115,0.38184,0.68903
13164,0.61371,0.05115,0.38202,0.68896
13173,0.61359,0.05121,0.38245,0.68884
13184,0.61334,0.05139,0.38306,0.68872
13194,0.61304,0.05170,0.38367,0.68860
13205,0.61279,0.05182,0.38416,0.68854
13214,0.61267,0.05182,0.38440,0.68848
13223,0.61273,0.05157,0.38440,0.68854
13234,0.61285,0.05127,0.38409,0.68860
13244,0.61298,0.05090,0.38367,0.68872
13254,0.61310,0.05066,0.38324,0.68890
13264,0.61316,0.05048,0.38293,0.68903
13275,0.61316,0.05054,0.38287,0.68909
13284,0.61304,0.05066,0.38306,0.68909
13293,0.61292,0.05084,0.38330,0.68903
13304,0.61285,0.05084,0.38354,0.68896
13314,0.61285,0.05084,0.38354,0.68890
13323,0.61304,0.05072,0.38336,0.68890
13334,0.61322,0.05072,0.38306,0.68890
13344,0.61340,0.05066,0.38269,0.68896
13354,0.61353,0.05066,0.38239,0.68896
13364,0.61359,0.05060,0.38220,0.68903
13375,0.61359,0.05054,0.38220,0.68896
13384,0.61359,0.05035,0.38239,0.68896
13393,0.61365,0.05017,0.38245,0.68884
13404,0.61377,0.05011,0.38239,0.68878
13414,0.61395,0.04999,0.38220,0.68878
13425,0.61414,0.04999,0.38190,0.68872
13434,0.61438,0.05005,0.38159,0.68872
13443,0.61456,0.05005,0.38135,0.68866
13454,0.61475,0.05005,0.38123,0.68860
13464,0.61487,0.04993,0.38123,0.68848
13474,0.61493,0.04987,0.38141,0.68829
13484,0.61499,0.04968,0.38171,0.68811
13493,0.61505,0.04962,0.38208,0.68787
13504,0.61505,0.04956,0.38251,0.68762
13513,0.61511,0.04962,0.38281,0.68738
